50.48055555555555 41.0
48.209722222222226 42.0
46.75527777777778 43.0
45.75527777777778 44.0
44.88861111111112 45.0
39.36527777777776 58.0
39.78055555555556 53.0
39.36527777777777 56.0
39.38055555555556 54.0
62.70833333333333 34.0
60.90277777777778 35.0
56.81944444444445 36.0
56.19166666666666 37.0
54.74444444444445 40.0
55.53333333333334 39.0
55.55277777777778 38.0
78.95833333333334 27.0
76.35416666666666 28.0
72.70333333333333 29.0
70.20333333333333 30.0
65.47000000000003 33.0
67.97000000000003 32.0
68.20333333333333 31.0
40.66277777777778 51.0
44.22369047619048 46.0
43.33404761904762 47.0
42.22726190476192 48.0
41.47686507936508 49.0
41.16277777777778 50.0
