147.0 0.0
140.5 1.0
135.0 2.0
129.49999999999997 3.0
125.49999999999997 4.0
38.7 63.0
28.38063492063493 93.0
28.375396825396834 95.0
28.37539682539683 100.0
27.732936507936518 101.0
27.73293650793651 102.0
26.479960317460314 104.0
26.23227513227513 105.0
25.73227513227513 107.0
25.732275132275127 110.0
25.732275132275124 111.0
25.635052910052913 112.0
91.25 13.0
88.25 14.0
66.41666666666666 23.0
62.26666666666667 24.0
61.6 25.0
59.6 26.0
121.5 5.0
85.33333333333331 15.0
74.83333333333334 19.0
21.71565934065934 154.0
20.136507936507932 157.0
20.093730158730157 158.0
19.87039682539682 159.0
19.870396825396817 160.0
37.03571428571428 66.0
35.869047619047606 69.0
35.583333333333314 70.0
34.18333333333331 75.0
111.16666666666666 7.0
105.99999999999997 8.0
103.99999999999997 9.0
51.333333333333314 36.0
99.83333333333331 10.0
96.33333333333331 11.0
51.11507936507936 37.0
49.03174603174605 38.0
48.53174603174605 39.0
48.531746031746046 40.0
35.24999999999999 74.0
31.67380952380952 85.0
30.17380952380952 87.0
29.17380952380952 88.0
21.715827922077917 153.0
21.140259740259744 155.0
82.25000000000001 16.0
76.25 18.0
70.25000000000001 22.0
23.07409812409812 142.0
22.92886002886003 143.0
22.42886002886003 147.0
79.74999999999999 17.0
94.5 12.0
25.189285714285717 117.0
24.733333333333334 120.0
24.620238095238086 121.0
24.620238095238083 123.0
24.120238095238086 126.0
23.54880952380951 127.0
23.248809523809516 133.0
73.96666666666668 20.0
70.56666666666669 21.0
59.583333333333336 28.0
54.25000000000001 29.0
54.00000000000001 30.0
54.0 31.0
52.000000000000014 34.0
52.00000000000001 35.0
47.3 44.0
46.13333333333334 46.0
44.13333333333333 48.0
43.46666666666666 49.0
41.166666666666664 50.0
41.16666666666666 52.0
40.58333333333332 56.0
40.28333333333332 59.0
39.533333333333324 62.0
116.0 6.0
35.46666666666667 73.0
33.133333333333326 76.0
33.083333333333336 77.0
31.93333333333334 81.0
31.933333333333334 82.0
24.316666666666663 124.0
