0.0 0.1845238095238095
22.0 -6.869404761904762
23.0 -7.863571428571428
26.0 -8.857738095238096
1.0 0.15952380952380954
2.0 -0.8404761904761905
3.0 -1.8404761904761904
4.0 -2.8383333333333334
36.0 -8.939583333333333
25.0 -7.883611111111111
72.0 -11.931071428571428
16.0 -5.861011904761905
17.0 -5.879166666666666
19.0 -5.891071428571428
21.0 -5.904166666666667
9.0 -2.8960714285714286
5.0 -2.8633333333333333
27.0 -8.891130952380953
30.0 -8.916130952380952
32.0 -8.919464285714286
33.0 -8.925297619047619
6.0 -2.875
11.0 -2.909404761904762
12.0 -3.88
13.0 -4.88
15.0 -4.888333333333334
7.0 -2.89
8.0 -2.8935714285714287
10.0 -2.9027777777777777
68.0 -11.910833333333333
92.0 -13.941060606060606
60.0 -11.895456349206349
99.0 -14.94111111111111
77.0 -13.894642857142857
56.0 -10.884642857142858
54.0 -9.901190476190477
51.0 -9.878333333333334
78.0 -13.93625
69.0 -11.916904761904762
