19.72434029315049 68.0
20.40905681309159 55.0
20.536056096534214 54.0
20.31574758653986 56.0
20.238814194512486 57.0
20.167538273175534 58.0
20.101980001979904 59.0
20.036207225919778 60.0
19.97822814966332 61.0
19.924095964434624 62.0
19.873842104635933 63.0
19.82951335761924 64.0
19.7951913352713 65.0
19.768904876092655 66.0
19.743596430235296 67.0
21.116098124416837 47.0
20.769439087274364 51.0
21.042091150833848 48.0
20.93059005379447 49.0
20.86167778487627 50.0
20.669049325017347 52.0
20.61673106969192 53.0
22.15332029290418 41.0
21.949250556681886 42.0
21.67324618048713 44.0
21.49719981765067 45.0
21.798385261298602 43.0
21.3964856927487 46.0
22.24161864613275 40.0
