28.699296158616846 0.0
25.377344226691655 18.0
28.373395989905752 1.0
25.57908520647289 17.0
22.11627455065613 41.0
27.69999277978245 4.0
16.11364639055977 95.0
16.00904744199354 96.0
15.923868876626683 97.0
15.766090193830554 98.0
15.677040537040144 99.0
15.600307689273308 100.0
20.06912055870909 57.0
27.537058666458908 5.0
27.385572844108992 6.0
23.114705276079125 34.0
23.0583954342014 35.0
22.862405822660048 36.0
22.741363195727736 37.0
20.459951124086295 54.0
20.35705283188114 55.0
20.19924751073663 56.0
19.95619202152555 58.0
19.851690104371468 59.0
19.693897531976752 60.0
19.46714154671918 62.0
19.087419940893007 65.0
17.969129082957807 75.0
17.85299974794152 76.0
17.79914604693158 77.0
17.643401032680746 78.0
17.538802695737242 79.0
17.37842340374984 80.0
17.34732255998026 81.0
17.30576782463003 82.0
27.89569142358726 3.0
27.197970512521696 7.0
26.552016872546613 10.0
26.203236441325334 13.0
26.00710672104838 14.0
25.88068005288887 15.0
19.302062066007352 63.0
19.1877460896271 64.0
24.093351780107312 26.0
24.76226160915033 22.0
18.88516878399555 67.0
18.65608747835408 68.0
18.613156637174683 69.0
18.516198313908824 70.0
18.429584911223582 71.0
18.320742343038393 72.0
17.174679036302248 83.0
16.90472123402217 84.0
16.862075791550694 85.0
16.82645536053271 86.0
16.747823739220568 87.0
16.64720997644951 88.0
16.59667436566736 89.0
16.41979293413897 91.0
25.16047694301521 19.0
25.08405070956444 20.0
24.93530829967819 21.0
24.59450345097457 23.0
24.427230706733827 24.0
24.246434789469564 25.0
19.569609091650246 61.0
18.269362331510095 73.0
27.006843577137996 8.0
26.697745223145716 9.0
26.362276077759294 11.0
26.310636632358406 12.0
19.009723827557305 66.0
16.337980291333444 92.0
16.239753692713446 93.0
16.170640061543637 94.0
25.738873324215263 16.0
16.516948870781192 90.0
22.609060130841357 38.0
22.46529768331593 39.0
18.14192933510656 74.0
23.88324936016873 27.0
23.73625075701721 28.0
23.59766090103 29.0
23.509351330906604 30.0
23.4096048663791 31.0
23.251873042832486 32.0
23.182959258903942 33.0
28.079344721698902 2.0
21.116098124416837 47.0
20.769439087274364 51.0
21.042091150833848 48.0
20.93059005379447 49.0
20.86167778487627 50.0
20.669049325017347 52.0
20.61673106969192 53.0
21.949250556681886 42.0
21.67324618048713 44.0
21.49719981765067 45.0
21.798385261298602 43.0
21.3964856927487 46.0
22.24161864613275 40.0
