28.699296158616846 0.0
28.373395989905752 1.0
27.26920607571845 10.0
26.888837832825722 16.0
26.866514474341475 17.0
26.795701147758756 19.0
26.757608263819094 20.0
26.706733233400147 21.0
26.698494339569038 22.0
26.54146943935094 24.0
26.28249607628621 36.0
26.240609749013075 41.0
26.14439901776287 42.0
25.73576499737282 82.0
25.72954721715872 83.0
25.642339986826478 85.0
27.52107556037736 8.0
27.05863263359773 13.0
26.963857290825434 15.0
26.130625710074373 43.0
25.87527004689999 44.0
25.81955847802204 45.0
25.784677620633534 46.0
25.78235055226734 48.0
27.40528416200058 9.0
26.43198062953286 33.0
27.211203574998294 11.0
27.003140558090646 14.0
28.079344721698902 2.0
27.553032500978908 6.0
26.290104602302367 34.0
27.742559362827354 4.0
27.684103742039397 5.0
27.912176554328397 3.0
