0.0 -0.0 50.0
1.0 -0.0 45.0
8.0 -2.0 28.333333333333332
10.0 -3.0 24.91666666666666
26.0 -4.0 12.533333333333333
1.0 -1.0 49.0
29.0 -6.5 19.5
6.0 -3.0 36.00000000000001
7.0 -4.0 35.00000000000001
8.0 -4.0 33.50000000000001
17.0 -5.0 21.375
19.0 -6.0 20.249999999999996
20.0 -6.333333333333333 19.91666666666666
21.0 -6.333333333333333 18.749999999999996
46.0 -7.583333333333333 14.369999999999997
47.0 -7.566666666666666 11.788888888888888
48.0 -7.233333333333333 11.65
58.0 -6.7976190476190474 10.047619047619046
59.0 -6.2976190476190474 9.833333333333332
67.0 -6.5476190476190474 9.94047619047619
23.0 -4.983333333333333 14.233333333333333
24.0 -3.983333333333333 13.233333333333333
37.0 -1.3095238095238095 8.611408730158729
39.0 -1.6845238095238093 8.150297619047617
40.0 -1.6666666666666665 7.1574074074074066
41.0 -1.6666666666666665 6.249999999999999
42.0 -2.1666666666666665 5.749999999999999
53.0 -3.055555555555556 6.133333333333333
54.0 -2.888888888888889 6.033333333333333
56.0 -3.055555555555556 6.016666666666667
58.0 -2.7272727272727275 4.815151515151515
60.0 -3.2272727272727275 4.906060606060606
8.0 -1.5 27.916666666666664
18.0 -4.5 19.916666666666664
58.0 -4.5 6.477777777777778
4.0 -2.166666666666667 41.83333333333333
5.0 -2.166666666666667 38.666666666666664
6.0 -2.166666666666667 35.5
9.0 -3.166666666666667 29.333333333333332
10.0 -3.166666666666667 27.166666666666664
22.0 -4.566666666666666 16.575000000000003
32.0 -5.483333333333333 12.666666666666666
39.0 -4.466666666666667 9.6
13.0 -6.5 32.75
31.0 -7.75 17.875
38.0 -7.7 16.999999999999996
39.0 -8.2 16.5
40.0 -8.25 16.5
42.0 -8.0 15.0
43.0 -7.9 14.600000000000001
44.0 -7.9 14.6
49.0 -8.75 16.0
16.0 -2.4 16.466666666666665
6.0 -0.0 28.916666666666668
7.0 -1.0 27.916666666666668
8.0 -1.0 24.916666666666668
9.0 -1.0 22.916666666666668
10.0 -2.0 21.916666666666668
11.0 -3.0 20.916666666666668
14.0 -3.0 18.75
15.0 -3.0 17.083333333333336
16.0 -3.0 16.666666666666668
17.0 -3.1666666666666665 16.333333333333332
22.0 -3.6666666666666665 14.416666666666664
44.0 -3.966666666666667 8.3
48.0 -7.666666666666666 14.166666666666664
52.0 -8.833333333333334 15.33333333333333
54.0 -8.5 15.166666666666666
56.0 -8.333333333333334 14.5
58.0 -8.333333333333334 14.499999999999998
61.0 -8.666666666666668 14.583333333333336
21.0 -5.777777777777778 17.61111111111111
22.0 -5.444444444444445 17.222222222222225
23.0 -5.944444444444445 17.722222222222225
40.0 -6.35 11.783333333333333
41.0 -6.5 11.883333333333331
42.0 -7.0 12.683333333333332
60.0 -5.314285714285715 6.914880952380952
61.0 -5.464285714285714 6.896130952380952
67.0 -5.714285714285714 7.364880952380953
68.0 -6.214285714285714 7.604464285714287
69.0 -6.214285714285714 7.604464285714286
30.0 -4.833333333333334 12.833333333333332
7.0 -2.0 30.499999999999996
10.0 -4.0 28.5
11.0 -5.0 27.5
12.0 -5.0 23.666666666666664
34.0 -6.083333333333333 11.833333333333334
37.0 -6.083333333333333 11.833333333333332
12.0 -3.5 23.166666666666664
13.0 -4.5 23.166666666666664
14.0 -5.0 22.66666666666666
15.0 -5.25 21.91666666666666
16.0 -4.0 19.166666666666664
2.0 -0.0 40.66666666666667
8.0 -3.0 29.499999999999996
32.0 -7.333333333333333 15.833333333333334
33.0 -7.366666666666666 16.333333333333332
34.0 -7.366666666666667 16.333333333333332
40.0 -5.4 10.033333333333333
4.0 -0.0 34.0
13.0 -3.5 20.999999999999996
17.0 -2.4 15.9
18.0 -2.333333333333333 14.5
19.0 -2.428571428571429 13.857142857142858
20.0 -2.375 13.250000000000002
21.0 -2.375 12.250000000000002
24.0 -3.4285714285714284 12.500000000000002
4.0 -1.0 36.666666666666664
69.0 -6.666666666666667 9.443333333333333
53.0 -7.95 12.149999999999999
55.0 -7.8 11.575
47.0 -5.9 11.4
9.0 -3.0 26.500000000000004
11.0 -4.0 25.500000000000004
13.0 -4.0 21.666666666666668
14.0 -4.0 20.083333333333332
16.0 -4.333333333333334 19.75
20.0 -5.2 17.616666666666664
18.0 -3.3333333333333335 17.333333333333332
13.0 -1.5 19.833333333333332
2.0 -2.0 48.0
3.0 -2.5 45.5
4.0 -2.5 43.0
59.0 -5.066666666666666 8.093055555555555
26.0 -6.0 15.249999999999998
27.0 -6.166666666666666 14.5
28.0 -6.0 13.124999999999998
30.0 -7.166666666666667 13.5
31.0 -7.166666666666667 13.445833333333335
32.0 -7.166666666666667 13.445833333333331
33.0 -6.166666666666666 12.333333333333334
18.0 -5.5 20.666666666666668
16.0 -5.333333333333333 22.666666666666668
18.0 -5.333333333333333 20.500000000000004
6.0 -4.0 39.0
26.0 -6.25 18.0
64.0 -6.2 9.7
66.0 -6.1 9.55
36.0 -1.2142857142857142 8.595238095238095
37.0 -1.2142857142857142 8.119047619047619
38.0 -1.1785714285714286 6.956845238095238
39.0 -1.1785714285714286 6.858928571428571
5.0 -3.0 39.0
50.0 -5.628571428571428 10.257142857142858
16.0 -3.333333333333333 19.083333333333336
18.0 -4.333333333333333 17.733333333333334
19.0 -4.333333333333333 17.400000000000002
20.0 -4.333333333333333 16.733333333333334
2.0 -0.5 43.5
5.0 -0.0 31.666666666666664
19.0 -3.6 16.133333333333333
20.0 -3.4333333333333336 15.133333333333335
21.0 -3.4333333333333336 14.916666666666668
24.0 -5.1 16.124999999999996
41.0 -4.133333333333333 9.154166666666665
58.0 -3.8214285714285716 6.2142857142857135
59.0 -3.5714285714285716 5.866071428571428
61.0 -3.4714285714285715 5.726785714285714
65.0 -3.7499999999999996 5.841666666666667
66.0 -3.933333333333333 5.782222222222223
67.0 -4.433333333333333 6.092222222222222
69.0 -4.5 6.45
10.0 -1.0 21.833333333333332
44.0 -2.6095238095238096 7.636904761904761
45.0 -2.6928571428571426 7.209821428571428
47.0 -2.6595238095238094 7.013988095238095
48.0 -2.6595238095238094 6.201488095238095
52.0 -2.488888888888889 5.433333333333334
55.0 -2.738888888888889 5.887037037037037
57.0 -3.225 6.194047619047619
17.0 -1.6666666666666665 15.75
18.0 -2.6666666666666665 14.75
21.0 -3.0 14.5
22.0 -3.0 13.799999999999999
17.0 -0.3333333333333333 15.0
2.0 -1.0 44.0
37.0 -5.05 10.200000000000003
39.0 -4.0 8.5
41.0 -5.05 9.450000000000001
42.0 -5.05 8.950000000000001
43.0 -4.999999999999999 8.666666666666668
44.0 -4.999999999999999 8.666666666666666
55.0 -5.285714285714286 8.38095238095238
58.0 -5.335714285714285 8.614285714285716
11.0 -1.5 20.499999999999996
13.0 -1.0833333333333333 16.25
14.0 -1.2833333333333332 16.049999999999997
10.0 -0.3333333333333333 21.166666666666668
11.0 -1.3333333333333333 20.166666666666664
12.0 -1.3333333333333333 18.0
14.0 -1.3333333333333333 17.708333333333332
3.0 -2.0 43.0
5.0 -2.0 36.5
21.0 -4.5 15.73333333333333
9.0 -4.0 29.666666666666664
19.0 -5.166666666666667 18.000000000000004
23.0 -5.166666666666667 16.999999999999996
65.0 -8.166666666666668 13.866666666666664
68.0 -8.766666666666666 13.266666666666664
20.0 -1.0 12.399999999999999
21.0 -1.0 11.583333333333334
22.0 -1.5 11.083333333333332
23.0 -1.6666666666666665 11.875
24.0 -2.1666666666666665 11.833333333333334
25.0 -2.1666666666666665 11.523809523809522
26.0 -2.3095238095238093 11.38095238095238
4.0 -2.0 39.5
19.0 -5.5 20.166666666666668
6.0 -2.5 36.0
10.0 -3.5 27.5
17.0 -5.5 21.500000000000004
25.0 -6.166666666666666 18.666666666666668
23.0 -3.642857142857143 13.107142857142858
25.0 -3.75 11.625
27.0 -4.75 10.625
29.0 -3.7222222222222223 9.527777777777777
32.0 -3.7 9.233333333333334
35.0 -2.7 8.9
36.0 -2.7 8.899999999999999
37.0 -2.7 8.733333333333334
44.0 -2.9722222222222223 8.222222222222221
16.0 -4.833333333333333 21.416666666666664
15.0 -3.6666666666666665 19.749999999999996
16.0 -3.6666666666666665 19.124999999999996
17.0 -4.0 18.791666666666664
18.0 -3.5 17.541666666666664
3.0 -0.0 37.333333333333336
59.0 -8.083333333333334 14.333333333333334
7.0 -0.0 27.166666666666668
18.0 -3.0 15.833333333333334
19.0 -3.0 15.833333333333332
21.0 -2.5 13.416666666666666
3.0 -1.0 40.0
26.0 -6.5 22.5
41.0 -3.0000000000000004 8.444444444444443
42.0 -3.142857142857143 8.3015873015873
17.0 -1.4 15.7
15.0 -4.5 20.291666666666664
16.0 -4.5 20.29166666666666
17.0 -4.499999999999999 18.999999999999996
5.0 -1.0 33.666666666666664
6.0 -2.0 32.666666666666664
7.0 -3.0 31.66666666666666
6.0 -1.0 30.666666666666664
9.0 -2.0 25.666666666666664
63.0 -5.65 9.49
14.0 -2.0 18.666666666666668
11.0 -3.5 25.083333333333332
17.0 -1.0666666666666667 15.583333333333334
18.0 -1.0666666666666667 13.533333333333335
19.0 -1.1666666666666665 13.833333333333332
7.0 -5.0 40.0
8.0 -5.0 37.5
9.0 -5.0 33.0
10.0 -6.0 32.0
11.0 -6.0 29.5
12.0 -6.0 25.833333333333332
13.0 -6.0 23.833333333333336
14.0 -7.0 22.833333333333332
20.0 -5.333333333333333 19.333333333333336
31.0 -5.190476190476191 11.178571428571429
33.0 -5.333333333333333 11.178571428571429
34.0 -5.666666666666666 10.845238095238095
38.0 -5.833333333333333 11.0
39.0 -5.833333333333333 10.357142857142858
43.0 -5.333333333333333 9.928571428571427
44.0 -4.321428571428571 8.660119047619048
46.0 -4.321428571428571 7.43095238095238
47.0 -4.654761904761904 7.097619047619047
49.0 -4.729761904761904 7.022619047619047
52.0 -4.779761904761904 7.122619047619048
13.0 -2.5 19.916666666666668
35.0 -6.4 13.333333333333332
36.0 -6.583333333333333 13.083333333333334
25.0 -5.833333333333334 15.966666666666667
24.0 -5.5 17.5
8.0 -6.0 39.0
14.0 -4.166666666666666 22.333333333333332
22.0 -4.0 15.5
24.0 -5.333333333333334 16.583333333333332
53.0 -6.0 9.914285714285715
54.0 -7.0 10.464285714285714
56.0 -7.0 10.464285714285712
62.0 -6.0 9.566666666666665
67.0 -6.0 9.533333333333333
51.0 -5.166666666666667 9.833333333333332
53.0 -5.5 9.499999999999998
59.0 -5.666666666666667 9.583333333333332
3.0 -1.5 42.75
4.0 -1.5 38.83333333333333
5.0 -1.5 36.08333333333333
6.0 -2.1666666666666665 35.416666666666664
10.0 -4.333333333333334 31.666666666666668
49.0 -6.466666666666666 11.322222222222221
50.0 -6.716666666666666 11.072222222222221
51.0 -6.883333333333333 10.905555555555555
53.0 -6.383333333333333 10.322222222222223
60.0 -7.866666666666666 11.68888888888889
62.0 -7.614285714285714 10.885714285714284
16.0 -3.1666666666666665 18.583333333333332
19.0 -3.5666666666666664 15.933333333333332
48.0 -6.266666666666666 11.466666666666667
50.0 -6.466666666666666 10.966666666666667
