23.0 -5.722222222222222 13.222222222222221
8.0 -4.166666666666667 37.33333333333333
10.0 -6.166666666666667 35.33333333333333
24.0 -6.222222222222222 13.888888888888888
21.0 -7.833333333333334 18.833333333333332
11.0 -6.5 35.0
20.0 -6.055555555555555 16.222222222222218
19.0 -7.75 22.58333333333333
14.0 -5.833333333333334 23.72222222222222
23.0 -7.5 15.722222222222223
22.0 -7.055555555555555 15.722222222222223
9.0 -4.166666666666667 34.166666666666664
14.0 -6.666666666666667 27.5
13.0 -5.666666666666666 26.749999999999996
17.0 -9.0 34.5
22.0 -6.555555555555555 14.555555555555555
9.0 -5.166666666666667 36.33333333333333
23.0 -8.833333333333332 23.16666666666666
20.0 -8.166666666666668 23.38888888888889
23.0 -8.055555555555557 16.72222222222222
19.0 -6.388888888888889 18.499999999999996
24.0 -8.333333333333332 19.333333333333332
22.0 -7.0 15.055555555555555
20.0 -6.0 16.055555555555554
24.0 -7.666666666666667 16.38888888888889
21.0 -6.5 15.555555555555555
22.0 -8.0 17.72222222222222
11.0 -6.166666666666667 32.33333333333333
22.0 -7.555555555555556 17.22222222222222
18.0 -8.166666666666666 26.0
21.0 -7.333333333333333 17.333333333333332
20.0 -11.0 47.0
21.0 -11.0 46.0
22.0 -10.166666666666668 32.166666666666664
23.0 -10.666666666666668 42.0
23.0 -11.0 42.75
33.0 -1.7714285714285714 6.247619047619048
32.0 -1.7380952380952381 6.077380952380952
29.0 -1.6547619047619047 6.574404761904761
31.0 -3.7714285714285714 7.866666666666667
25.0 -4.714285714285714 10.88095238095238
27.0 -5.066666666666666 10.052777777777779
32.0 -2.7380952380952377 7.0964285714285715
26.0 -7.233333333333333 15.613333333333333
28.0 -5.95 11.075
30.0 -8.0 13.858333333333334
28.0 -6.15 11.971666666666668
30.0 -2.9047619047619047 7.343452380952381
26.0 -8.083333333333332 17.427777777777777
27.0 -7.5 15.233333333333334
29.0 -2.1547619047619047 6.843452380952381
24.0 -1.9642857142857142 8.591071428571428
26.0 -7.75 15.770833333333332
25.0 -3.297619047619048 8.31547619047619
25.0 -5.483333333333333 11.427777777777777
28.0 -8.5 14.233333333333334
24.0 -4.071428571428571 9.803571428571429
30.0 -7.0 12.625000000000002
25.0 -4.404761904761904 9.282738095238095
27.0 -8.666666666666668 16.458333333333332
28.0 -2.4047619047619047 7.725595238095238
23.0 -3.071428571428571 9.973214285714286
26.0 -6.65 12.296666666666667
27.0 -7.4 12.796666666666667
25.0 -6.633333333333333 14.82333333333333
27.0 -1.7976190476190474 7.342261904761904
27.0 -8.833333333333332 17.927777777777777
24.0 -4.5476190476190474 10.050595238095237
26.0 -4.404761904761904 8.852380952380951
20.0 -2.9833333333333334 13.052777777777777
21.0 -3.9833333333333334 12.656944444444443
17.0 -3.416666666666667 15.155555555555555
15.0 -2.916666666666667 18.09166666666667
17.0 -3.7916666666666665 15.916666666666666
14.0 -1.9166666666666665 19.09166666666667
8.0 -0.5 29.972222222222218
17.0 -2.0416666666666665 12.729166666666666
9.0 -1.5 29.347222222222218
24.0 -3.608333333333333 9.562499999999998
24.0 -4.983333333333333 11.572222222222223
22.0 -3.108333333333333 10.362499999999999
26.0 -4.983333333333333 11.155555555555557
25.0 -11.5 24.999999999999996
19.0 -10.0 35.333333333333336
20.0 -10.0 33.83333333333333
18.0 -9.0 31.25
28.0 -11.5 21.666666666666664
21.0 -9.166666666666666 25.0
28.0 -9.5 18.333333333333332
27.0 -9.333333333333334 18.055555555555554
24.0 -11.0 25.166666666666664
26.0 -8.5 18.166666666666664
26.0 -9.833333333333334 19.72222222222222
25.0 -9.0 19.777777777777775
29.0 -8.833333333333334 17.777777777777775
24.0 -10.5 24.444444444444443
28.0 -11.0 19.999999999999996
18.0 -8.333333333333332 27.583333333333332
22.0 -10.0 25.333333333333336
24.0 -10.666666666666666 24.666666666666664
25.0 -10.333333333333334 21.666666666666664
24.0 -8.416666666666668 19.361111111111114
20.0 -8.166666666666666 23.166666666666664
26.0 -10.666666666666666 21.333333333333332
18.0 -8.5 28.166666666666664
24.0 -8.916666666666668 20.25
24.0 -9.833333333333334 21.5
18.0 -9.5 32.66666666666667
25.0 -8.25 18.916666666666668
27.0 -10.5 19.944444444444443
26.0 -10.0 20.27777777777778
26.0 -9.666666666666666 19.61111111111111
23.0 -10.166666666666666 24.833333333333332
23.0 -10.5 25.333333333333336
22.0 -9.666666666666666 24.833333333333336
22.0 -9.333333333333334 23.166666666666664
27.0 -10.166666666666666 19.666666666666664
19.0 -9.5 30.166666666666668
8.0 -3.5 35.5
10.0 -5.0 32.5
20.0 -9.25 28.75
10.0 -3.0 29.166666666666668
8.0 -0.0 28.0
3.0 -0.0 41.5
3.0 -1.0 43.0
4.0 -2.0 42.0
9.0 -0.6666666666666666 27.333333333333332
4.0 -1.0 40.5
5.0 -2.0 39.0
5.0 -0.6666666666666666 37.833333333333336
7.0 -4.25 38.5
13.0 -2.0 22.333333333333332
8.0 -1.6666666666666665 30.83333333333333
12.0 -5.25 28.749999999999996
6.0 -4.0 41.0
7.0 -3.25 36.5
9.0 -2.6666666666666665 29.83333333333333
7.0 -1.0 31.499999999999996
7.0 -3.0 35.0
9.0 -3.75 33.75
7.0 -0.0 30.499999999999993
8.0 -3.0 32.5
15.0 -8.0 29.5
7.0 -2.0 33.0
6.0 -1.0 34.0
5.0 -3.0 41.0
11.0 -4.25 27.499999999999996
15.0 -6.75 27.249999999999996
10.0 -1.6666666666666665 25.333333333333332
7.0 -4.0 37.0
6.0 -3.0 38.0
14.0 -8.0 32.0
18.0 -10.5 39.5
22.0 -10.5 34.33333333333333
17.0 -10.0 38.25
19.0 -10.5 37.0
15.0 -9.0 39.25
14.0 -8.5 37.5
16.0 -9.5 38.75
18.0 -10.0 35.75
18.0 -9.833333333333332 35.5
19.0 -9.833333333333332 33.0
13.0 -7.5 35.75
16.0 -9.0 36.25
18.0 -8.75 31.125
21.0 -9.833333333333332 30.999999999999996
10.0 -2.6666666666666665 28.472222222222225
11.0 -2.8333333333333335 26.437499999999996
11.0 -3.6666666666666665 27.416666666666664
15.0 -4.333333333333334 20.09027777777778
9.0 -3.6666666666666665 32.75
17.0 -6.583333333333333 22.562499999999996
13.0 -3.8333333333333335 22.375
14.0 -4.666666666666667 21.902777777777782
12.0 -3.8333333333333335 24.666666666666664
17.0 -5.583333333333333 18.84027777777778
17.0 -5.333333333333334 17.13888888888889
16.0 -5.333333333333334 19.09027777777778
20.0 -4.583333333333334 14.07638888888889
18.0 -4.0 15.249999999999998
13.0 -5.333333333333334 26.687499999999996
17.0 -4.166666666666667 16.013888888888886
10.0 -3.6666666666666665 30.333333333333332
13.0 -4.833333333333334 24.312499999999996
14.0 -3.666666666666667 20.756944444444443
19.0 -4.666666666666666 14.583333333333332
21.0 -9.0 24.833333333333332
11.0 -2.0 23.25
5.0 -4.0 45.0
12.0 -3.0 23.458333333333336
10.0 -7.5 42.0
16.0 -4.666666666666667 18.583333333333336
20.0 -8.0 20.416666666666664
13.0 -4.0 22.458333333333336
25.0 -6.166666666666667 13.374999999999998
8.0 -6.0 39.5
9.0 -5.0 35.0
20.0 -5.5 14.283333333333331
22.0 -5.666666666666666 13.158333333333333
14.0 -8.166666666666668 32.138888888888886
21.0 -5.833333333333333 13.95
22.0 -8.166666666666668 18.875
19.0 -5.75 16.666666666666668
15.0 -3.166666666666667 18.375
7.0 -5.0 41.75
12.0 -5.5 29.666666666666664
12.0 -7.333333333333333 32.91666666666667
20.0 -9.666666666666668 32.388888888888886
15.0 -6.666666666666666 25.52777777777778
9.0 -6.5 39.75
23.0 -6.333333333333333 14.116666666666664
10.0 -6.0 34.0
17.0 -6.25 19.375
13.0 -6.166666666666667 27.0
8.0 -5.0 38.5
18.0 -7.833333333333333 23.0
17.0 -5.833333333333333 19.31944444444445
16.0 -4.166666666666667 17.375
14.0 -8.333333333333332 32.30555555555556
20.0 -6.833333333333333 16.749999999999996
12.0 -5.0 24.916666666666668
9.0 -6.0 37.25
21.0 -8.166666666666668 19.1875
10.0 -4.0 30.333333333333336
11.0 -4.5 29.58333333333333
11.0 -7.166666666666667 35.333333333333336
10.0 -7.0 36.5
18.0 -7.0 19.291666666666668
16.0 -8.666666666666668 33.388888888888886
16.0 -8.833333333333332 33.55555555555556
12.0 -8.0 36.0
19.0 -9.0 30.099999999999998
16.0 -7.666666666666666 24.52777777777778
13.0 -8.5 38.333333333333336
17.0 -8.666666666666668 28.91666666666666
11.0 -5.166666666666667 29.791666666666664
13.0 -4.333333333333333 24.111111111111114
14.0 -5.333333333333333 22.625
12.0 -6.333333333333333 31.083333333333336
14.0 -5.166666666666667 21.95833333333334
18.0 -4.666666666666667 16.449999999999996
16.0 -7.416666666666667 23.666666666666664
19.0 -5.5 14.708333333333334
15.0 -5.916666666666667 22.875
16.0 -8.5 30.375
13.0 -7.166666666666667 27.791666666666664
21.0 -8.666666666666668 20.75
19.0 -8.833333333333332 25.125
16.0 -5.166666666666667 19.0
18.0 -4.5 15.708333333333334
18.0 -6.333333333333333 17.458333333333332
12.0 -5.166666666666667 27.416666666666664
19.0 -7.666666666666667 18.979166666666664
