0.0 -0.0 50.0
1.0 -1.0 49.0
1.0 -0.0 45.0
13.0 -2.5 19.916666666666664
3.0 -1.0 40.0
55.0 -8.083333333333334 14.166666666666668
2.0 -1.0 44.0
54.0 -6.25 9.5
61.0 -6.785714285714286 9.285714285714285
9.0 -1.0 22.749999999999996
10.0 -1.0 20.749999999999996
15.0 -1.5 16.11111111111111
6.0 -0.0 28.666666666666668
8.0 -2.5 29.25
17.0 -6.5 21.666666666666664
57.0 -6.583333333333333 10.249999999999998
5.0 -3.0 38.5
1.0 -0.5 47.5
55.0 -5.083333333333334 7.966666666666666
58.0 -6.416666666666667 9.161111111111111
11.0 -1.0 19.999999999999996
12.0 -1.5 19.499999999999993
8.0 -0.0 24.333333333333332
9.0 -0.0 22.666666666666664
16.0 -0.0 14.75
42.0 -6.733333333333333 12.299999999999999
43.0 -7.15 11.3
9.0 -4.0 28.999999999999996
2.0 -2.0 48.0
22.0 -4.55 13.115
65.0 -5.154761904761904 6.008928571428571
68.0 -5.063095238095238 5.871428571428571
6.0 -3.0 35.66666666666666
33.0 -7.1000000000000005 12.700000000000001
50.0 -4.863095238095238 7.99107142857143
69.0 -5.196428571428571 6.753571428571429
55.0 -4.995238095238095 7.889115646258503
48.0 -6.833333333333334 10.666666666666668
3.0 -1.5 42.75
51.0 -5.566666666666666 8.908333333333333
53.0 -5.383333333333334 8.855555555555556
15.0 -1.8333333333333335 16.444444444444443
16.0 -2.3333333333333335 15.944444444444443
3.0 -2.0 43.0
5.0 -2.0 36.16666666666667
12.0 -4.0 23.166666666666664
13.0 -1.6666666666666665 17.5
16.0 -1.9166666666666665 15.833333333333332
55.0 -2.9880952380952377 5.559523809523809
56.0 -3.088095238095238 5.654761904761904
57.0 -3.2547619047619043 5.7785714285714285
58.0 -2.7547619047619043 5.264285714285714
59.0 -3.088095238095238 5.207142857142856
60.0 -3.588095238095238 5.721428571428571
61.0 -3.732142857142857 5.6517857142857135
70.0 -3.732142857142857 4.7976190476190474
15.0 -4.333333333333334 19.66666666666666
9.0 -5.0 33.0
10.0 -3.0 24.91666666666666
8.0 -4.0 33.50000000000001
47.0 -7.566666666666666 11.788888888888888
48.0 -7.233333333333333 11.65
58.0 -6.7976190476190474 10.047619047619046
42.0 -2.1666666666666665 5.749999999999999
58.0 -2.7272727272727275 4.815151515151515
60.0 -3.2272727272727275 4.906060606060606
58.0 -4.5 6.477777777777778
6.0 -2.166666666666667 35.5
49.0 -8.75 16.0
16.0 -2.4 16.466666666666665
8.0 -1.0 24.916666666666668
10.0 -2.0 21.916666666666668
11.0 -3.0 20.916666666666668
15.0 -3.0 17.083333333333336
16.0 -3.0 16.666666666666668
52.0 -8.833333333333334 15.33333333333333
61.0 -8.666666666666668 14.583333333333336
41.0 -6.5 11.883333333333331
60.0 -5.314285714285715 6.914880952380952
61.0 -5.464285714285714 6.896130952380952
12.0 -5.0 23.666666666666664
34.0 -6.083333333333333 11.833333333333334
37.0 -6.083333333333333 11.833333333333332
2.0 -0.0 40.66666666666667
8.0 -3.0 29.499999999999996
4.0 -0.0 34.0
18.0 -2.333333333333333 14.5
19.0 -2.428571428571429 13.857142857142858
21.0 -2.375 12.250000000000002
53.0 -7.95 12.149999999999999
55.0 -7.8 11.575
9.0 -3.0 26.500000000000004
3.0 -2.5 45.5
6.0 -4.0 39.0
66.0 -3.933333333333333 5.782222222222223
48.0 -2.6595238095238094 6.201488095238095
52.0 -2.488888888888889 5.433333333333334
18.0 -2.6666666666666665 14.75
39.0 -4.0 8.5
55.0 -5.285714285714286 8.38095238095238
13.0 -1.0833333333333333 16.25
14.0 -1.2833333333333332 16.049999999999997
11.0 -1.3333333333333333 20.166666666666664
12.0 -1.3333333333333333 18.0
68.0 -8.766666666666666 13.266666666666664
20.0 -1.0 12.399999999999999
21.0 -1.0 11.583333333333334
15.0 -4.5 20.291666666666664
7.0 -3.0 31.66666666666666
7.0 -5.0 40.0
8.0 -5.0 37.5
10.0 -6.0 32.0
11.0 -6.0 29.5
12.0 -6.0 25.833333333333332
13.0 -6.0 23.833333333333336
14.0 -7.0 22.833333333333332
38.0 -5.833333333333333 11.0
39.0 -5.833333333333333 10.357142857142858
46.0 -4.321428571428571 7.43095238095238
47.0 -4.654761904761904 7.097619047619047
49.0 -4.729761904761904 7.022619047619047
52.0 -4.779761904761904 7.122619047619048
8.0 -6.0 39.0
54.0 -7.0 10.464285714285714
56.0 -7.0 10.464285714285712
4.0 -1.5 38.83333333333333
6.0 -2.1666666666666665 35.416666666666664
10.0 -4.333333333333334 31.666666666666668
51.0 -6.883333333333333 10.905555555555555
60.0 -7.866666666666666 11.68888888888889
62.0 -7.614285714285714 10.885714285714284
23.0 -5.722222222222222 13.222222222222221
8.0 -4.166666666666667 37.33333333333333
10.0 -6.166666666666667 35.33333333333333
24.0 -6.222222222222222 13.888888888888888
21.0 -7.833333333333334 18.833333333333332
11.0 -6.5 35.0
20.0 -6.055555555555555 16.222222222222218
19.0 -7.75 22.58333333333333
23.0 -7.5 15.722222222222223
22.0 -7.055555555555555 15.722222222222223
17.0 -9.0 34.5
22.0 -6.555555555555555 14.555555555555555
9.0 -5.166666666666667 36.33333333333333
23.0 -8.833333333333332 23.16666666666666
20.0 -8.166666666666668 23.38888888888889
23.0 -8.055555555555557 16.72222222222222
19.0 -6.388888888888889 18.499999999999996
24.0 -8.333333333333332 19.333333333333332
22.0 -7.0 15.055555555555555
20.0 -6.0 16.055555555555554
24.0 -7.666666666666667 16.38888888888889
21.0 -6.5 15.555555555555555
22.0 -8.0 17.72222222222222
11.0 -6.166666666666667 32.33333333333333
22.0 -7.555555555555556 17.22222222222222
18.0 -8.166666666666666 26.0
21.0 -7.333333333333333 17.333333333333332
20.0 -11.0 47.0
21.0 -11.0 46.0
22.0 -10.166666666666668 32.166666666666664
23.0 -10.666666666666668 42.0
23.0 -11.0 42.75
33.0 -1.7714285714285714 6.247619047619048
32.0 -1.7380952380952381 6.077380952380952
29.0 -1.6547619047619047 6.574404761904761
31.0 -3.7714285714285714 7.866666666666667
25.0 -4.714285714285714 10.88095238095238
27.0 -5.066666666666666 10.052777777777779
32.0 -2.7380952380952377 7.0964285714285715
26.0 -7.233333333333333 15.613333333333333
28.0 -5.95 11.075
30.0 -8.0 13.858333333333334
28.0 -6.15 11.971666666666668
30.0 -2.9047619047619047 7.343452380952381
26.0 -8.083333333333332 17.427777777777777
27.0 -7.5 15.233333333333334
29.0 -2.1547619047619047 6.843452380952381
24.0 -1.9642857142857142 8.591071428571428
26.0 -7.75 15.770833333333332
25.0 -3.297619047619048 8.31547619047619
25.0 -5.483333333333333 11.427777777777777
28.0 -8.5 14.233333333333334
24.0 -4.071428571428571 9.803571428571429
30.0 -7.0 12.625000000000002
25.0 -4.404761904761904 9.282738095238095
27.0 -8.666666666666668 16.458333333333332
28.0 -2.4047619047619047 7.725595238095238
23.0 -3.071428571428571 9.973214285714286
26.0 -6.65 12.296666666666667
27.0 -7.4 12.796666666666667
25.0 -6.633333333333333 14.82333333333333
27.0 -1.7976190476190474 7.342261904761904
27.0 -8.833333333333332 17.927777777777777
24.0 -4.5476190476190474 10.050595238095237
26.0 -4.404761904761904 8.852380952380951
20.0 -2.9833333333333334 13.052777777777777
21.0 -3.9833333333333334 12.656944444444443
17.0 -3.416666666666667 15.155555555555555
17.0 -3.7916666666666665 15.916666666666666
17.0 -2.0416666666666665 12.729166666666666
24.0 -3.608333333333333 9.562499999999998
24.0 -4.983333333333333 11.572222222222223
22.0 -3.108333333333333 10.362499999999999
26.0 -4.983333333333333 11.155555555555557
25.0 -11.5 24.999999999999996
19.0 -10.0 35.333333333333336
20.0 -10.0 33.83333333333333
18.0 -9.0 31.25
28.0 -11.5 21.666666666666664
21.0 -9.166666666666666 25.0
28.0 -9.5 18.333333333333332
27.0 -9.333333333333334 18.055555555555554
24.0 -11.0 25.166666666666664
26.0 -8.5 18.166666666666664
26.0 -9.833333333333334 19.72222222222222
25.0 -9.0 19.777777777777775
29.0 -8.833333333333334 17.777777777777775
24.0 -10.5 24.444444444444443
28.0 -11.0 19.999999999999996
18.0 -8.333333333333332 27.583333333333332
22.0 -10.0 25.333333333333336
24.0 -10.666666666666666 24.666666666666664
25.0 -10.333333333333334 21.666666666666664
24.0 -8.416666666666668 19.361111111111114
20.0 -8.166666666666666 23.166666666666664
26.0 -10.666666666666666 21.333333333333332
18.0 -8.5 28.166666666666664
24.0 -8.916666666666668 20.25
24.0 -9.833333333333334 21.5
18.0 -9.5 32.66666666666667
25.0 -8.25 18.916666666666668
27.0 -10.5 19.944444444444443
26.0 -10.0 20.27777777777778
26.0 -9.666666666666666 19.61111111111111
23.0 -10.166666666666666 24.833333333333332
23.0 -10.5 25.333333333333336
22.0 -9.666666666666666 24.833333333333336
22.0 -9.333333333333334 23.166666666666664
27.0 -10.166666666666666 19.666666666666664
19.0 -9.5 30.166666666666668
20.0 -9.25 28.75
7.0 -4.25 38.5
15.0 -8.0 29.5
14.0 -8.0 32.0
18.0 -10.5 39.5
22.0 -10.5 34.33333333333333
17.0 -10.0 38.25
19.0 -10.5 37.0
15.0 -9.0 39.25
14.0 -8.5 37.5
16.0 -9.5 38.75
18.0 -10.0 35.75
18.0 -9.833333333333332 35.5
19.0 -9.833333333333332 33.0
13.0 -7.5 35.75
16.0 -9.0 36.25
18.0 -8.75 31.125
21.0 -9.833333333333332 30.999999999999996
17.0 -6.583333333333333 22.562499999999996
17.0 -5.583333333333333 18.84027777777778
17.0 -5.333333333333334 17.13888888888889
16.0 -5.333333333333334 19.09027777777778
20.0 -4.583333333333334 14.07638888888889
18.0 -4.0 15.249999999999998
17.0 -4.166666666666667 16.013888888888886
19.0 -4.666666666666666 14.583333333333332
21.0 -9.0 24.833333333333332
5.0 -4.0 45.0
10.0 -7.5 42.0
16.0 -4.666666666666667 18.583333333333336
20.0 -8.0 20.416666666666664
25.0 -6.166666666666667 13.374999999999998
20.0 -5.5 14.283333333333331
22.0 -5.666666666666666 13.158333333333333
14.0 -8.166666666666668 32.138888888888886
21.0 -5.833333333333333 13.95
22.0 -8.166666666666668 18.875
19.0 -5.75 16.666666666666668
12.0 -7.333333333333333 32.91666666666667
20.0 -9.666666666666668 32.388888888888886
9.0 -6.5 39.75
23.0 -6.333333333333333 14.116666666666664
17.0 -6.25 19.375
13.0 -6.166666666666667 27.0
18.0 -7.833333333333333 23.0
17.0 -5.833333333333333 19.31944444444445
16.0 -4.166666666666667 17.375
14.0 -8.333333333333332 32.30555555555556
20.0 -6.833333333333333 16.749999999999996
9.0 -6.0 37.25
21.0 -8.166666666666668 19.1875
11.0 -7.166666666666667 35.333333333333336
10.0 -7.0 36.5
18.0 -7.0 19.291666666666668
16.0 -8.666666666666668 33.388888888888886
16.0 -8.833333333333332 33.55555555555556
12.0 -8.0 36.0
19.0 -9.0 30.099999999999998
16.0 -7.666666666666666 24.52777777777778
13.0 -8.5 38.333333333333336
17.0 -8.666666666666668 28.91666666666666
12.0 -6.333333333333333 31.083333333333336
18.0 -4.666666666666667 16.449999999999996
16.0 -7.416666666666667 23.666666666666664
19.0 -5.5 14.708333333333334
16.0 -8.5 30.375
13.0 -7.166666666666667 27.791666666666664
21.0 -8.666666666666668 20.75
19.0 -8.833333333333332 25.125
16.0 -5.166666666666667 19.0
18.0 -4.5 15.708333333333334
18.0 -6.333333333333333 17.458333333333332
19.0 -7.666666666666667 18.979166666666664
27.0 -5.1 10.866666666666669
28.0 -5.6 9.666666666666668
29.0 -5.666666666666667 9.333333333333334
35.0 -5.666666666666667 9.333333333333332
38.0 -5.0 9.166666666666668
41.0 -5.166666666666667 9.0
42.0 -5.166666666666667 8.261904761904763
47.0 -5.166666666666667 8.261904761904761
2.0 -0.5 43.0
3.0 -0.5 39.75
55.0 -7.166666666666667 11.36111111111111
5.0 -1.0 33.5
6.0 -2.0 32.5
7.0 -2.0 30.0
13.0 -3.0 20.5
14.0 -4.0 19.5
45.0 -7.9 13.583333333333334
52.0 -7.9 13.25
3.0 -0.0 37.25
60.0 -8.0 13.5
62.0 -9.5 14.0
66.0 -9.5 13.5
10.0 -3.5 27.16666666666666
45.0 -2.2533333333333334 6.5566666666666675
47.0 -2.42 6.384444444444444
3.0 -3.0 47.0
4.0 -3.0 43.0
11.0 -4.0 24.416666666666664
13.0 -4.666666666666666 20.91666666666666
14.0 -5.666666666666667 21.499999999999996
18.0 -7.166666666666667 20.5
13.0 -2.0 19.533333333333335
4.0 -1.0 36.333333333333336
62.0 -6.95 9.440000000000001
64.0 -6.8500000000000005 9.17
61.0 -3.5555555555555554 5.615079365079365
63.0 -3.888888888888889 5.281746031746032
68.0 -2.822222222222222 4.611904761904762
69.0 -2.1303030303030304 3.8999999999999995
59.0 -7.122222222222222 10.744444444444445
60.0 -7.15 11.033333333333333
40.0 -3.9 8.294444444444444
47.0 -5.275 9.1625
4.0 -2.5 41.75
50.0 -1.625 5.652678571428572
55.0 -2.125 5.171428571428571
10.0 -4.0 27.499999999999996
11.0 -5.0 26.499999999999996
65.0 -6.416666666666667 9.066666666666666
66.0 -6.25 8.716666666666667
5.0 -1.5 35.41666666666667
44.0 -3.3833333333333333 6.841111111111111
66.0 -1.3571428571428572 4.404761904761903
68.0 -1.3571428571428572 4.357142857142857
6.0 -1.0 30.5
7.0 -1.0 27.5
11.0 -0.0 19.75
14.0 -3.0 18.250000000000004
53.0 -5.7142857142857135 9.142857142857144
49.0 -6.75 10.5
5.0 -0.0 31.0
8.0 -2.0 27.0
9.0 -2.5 26.5
62.0 -8.25 13.15
35.0 -3.9999999999999996 8.642857142857142
36.0 -3.232142857142857 7.6101190476190474
37.0 -3.6488095238095237 6.949404761904761
7.0 -4.0 35.0
10.0 -4.5 31.75
38.0 -9.5 18.23333333333333
61.0 -6.233333333333334 8.833333333333334
66.0 -6.233333333333334 7.311904761904761
67.0 -6.333333333333334 7.869047619047619
9.0 -2.0 25.333333333333332
63.0 -7.428571428571429 10.678571428571427
65.0 -7.4 10.6
66.0 -7.4 10.599999999999998
69.0 -7.571428571428571 10.428571428571427
9.0 -4.5 32.083333333333336
54.0 -5.727777777777778 9.155555555555555
59.0 -5.7444444444444445 9.116666666666667
4.0 -2.0 39.0
64.0 -8.666666666666668 10.962499999999999
59.0 -6.733333333333333 9.744444444444445
65.0 -6.328571428571428 8.876190476190475
68.0 -6.828571428571429 8.376190476190475
52.0 -4.9 8.25
53.0 -4.866666666666667 7.85
54.0 -4.904761904761905 7.0
56.0 -4.504761904761905 6.828571428571428
58.0 -5.5 7.555555555555555
38.0 -6.366666666666667 11.433333333333334
39.0 -6.2 11.299999999999999
40.0 -6.2 10.266666666666666
41.0 -6.233333333333333 9.2
45.0 -6.566666666666666 10.299999999999999
69.0 -7.0 8.380952380952378
35.0 -5.976190476190477 11.785714285714286
17.0 -7.5 24.499999999999993
36.0 -6.25 12.25
37.0 -6.2023809523809526 11.940476190476192
42.0 -6.833333333333334 12.611111111111112
64.0 -4.563095238095238 6.541071428571429
7.0 -3.6666666666666665 34.66666666666667
8.0 -3.6666666666666665 31.166666666666664
9.0 -3.6666666666666665 28.166666666666664
40.0 -3.0892857142857144 6.906249999999999
41.0 -3.232142857142857 6.763392857142857
42.0 -3.255952380952381 6.641369047619047
43.0 -4.289285714285715 7.637202380952379
44.0 -3.664285714285714 7.074702380952379
48.0 -3.714285714285714 7.089285714285714
43.0 -3.7023809523809526 7.62797619047619
56.0 -5.232142857142858 7.133928571428571
60.0 -6.232142857142858 7.6589285714285715
63.0 -6.232142857142858 7.5339285714285715
11.0 -2.0 20.333333333333336
12.0 -2.0 20.333333333333332
19.0 -2.6666666666666665 14.357142857142856
14.0 -2.0 17.833333333333336
62.0 -7.266666666666667 10.700000000000001
63.0 -7.766666666666667 10.700000000000001
2.0 -1.5 46.5
5.0 -3.5 41.5
7.0 -0.0 26.666666666666664
9.0 -1.3333333333333333 25.33333333333333
13.0 -1.8333333333333333 19.166666666666664
15.0 -3.5 17.5
17.0 -3.583333333333333 15.750000000000002
16.0 -2.833333333333333 16.5
41.0 -4.3500000000000005 8.833333333333332
55.0 -5.466666666666667 8.799999999999999
56.0 -5.466666666666667 8.783333333333331
50.0 -5.416666666666667 9.178571428571429
58.0 -5.261904761904762 7.4642857142857135
48.0 -2.9714285714285715 6.284821428571428
50.0 -4.071428571428571 6.553571428571427
51.0 -4.055555555555555 5.805555555555555
52.0 -4.305555555555555 6.203703703703703
63.0 -4.761111111111111 6.766666666666666
