0.0 -0.0 50.0
1.0 -1.0 49.0
1.0 -0.0 45.0
60.0 -5.0 7.791666666666666
65.0 -5.291666666666667 7.5
66.0 -5.791666666666667 8.0
39.0 -2.9 9.683333333333332
9.0 -2.0 25.833333333333332
48.0 -6.142857142857142 10.285714285714285
53.0 -5.75 9.5
7.0 -3.0 32.666666666666664
9.0 -3.0 28.25
12.0 -2.0 20.416666666666668
13.0 -2.5 19.916666666666664
17.0 -3.6666666666666665 18.666666666666668
18.0 -3.6666666666666665 18.166666666666668
23.0 -5.083333333333334 16.416666666666668
2.0 -0.0 41.0
3.0 -1.0 40.0
55.0 -8.083333333333334 14.166666666666668
60.0 -8.25 16.0
14.0 -2.333333333333333 19.333333333333336
2.0 -1.0 44.0
28.0 -5.666666666666667 14.666666666666666
11.0 -3.0 23.833333333333332
50.0 -5.083333333333334 9.166666666666666
54.0 -6.25 9.5
61.0 -6.785714285714286 9.285714285714285
9.0 -1.0 22.749999999999996
10.0 -1.0 20.749999999999996
13.0 -2.0 19.749999999999996
19.0 -3.0 15.250000000000002
20.0 -3.6 15.049999999999997
21.0 -3.6 14.549999999999997
24.0 -3.9333333333333336 12.799999999999999
3.0 -0.0 37.83333333333333
15.0 -1.5 16.11111111111111
17.0 -1.5 14.38888888888889
19.0 -1.5 13.88888888888889
19.0 -7.5 23.999999999999993
5.0 -0.0 31.833333333333332
6.0 -0.0 28.666666666666668
31.0 -7.333333333333333 14.833333333333329
34.0 -7.733333333333333 14.43333333333333
8.0 -2.5 29.25
47.0 -7.75 15.958333333333334
26.0 -2.6 11.383333333333333
28.0 -2.428571428571429 10.928571428571429
39.0 -2.0 9.6
17.0 -6.5 21.666666666666664
18.0 -7.0 21.166666666666664
19.0 -7.0 20.33333333333333
22.0 -7.0 20.333333333333325
36.0 -4.6000000000000005 10.499999999999998
17.0 -3.166666666666667 18.166666666666668
57.0 -6.583333333333333 10.249999999999998
11.0 -5.0 28.666666666666668
44.0 -3.3583333333333334 9.075000000000001
48.0 -3.8095238095238098 8.226190476190476
49.0 -3.8095238095238098 7.666666666666666
4.0 -2.0 39.5
5.0 -3.0 38.5
1.0 -0.5 47.5
55.0 -5.083333333333334 7.966666666666666
58.0 -6.416666666666667 9.161111111111111
54.0 -3.7857142857142856 7.087301587301587
11.0 -1.0 19.999999999999996
12.0 -1.5 19.499999999999993
42.0 -2.491666666666667 8.160416666666666
45.0 -7.333333333333333 13.866666666666664
49.0 -7.333333333333333 13.277777777777775
12.0 -1.0 19.416666666666668
8.0 -0.0 24.333333333333332
9.0 -0.0 22.666666666666664
16.0 -0.0 14.75
4.0 -0.0 34.666666666666664
12.0 -2.5 21.916666666666664
42.0 -6.733333333333333 12.299999999999999
43.0 -7.15 11.3
44.0 -6.083333333333333 10.166666666666666
50.0 -6.15 10.000000000000002
9.0 -4.0 28.999999999999996
11.0 -4.0 25.75
18.0 -5.0 19.75
28.0 -1.7 10.72
16.0 -3.3333333333333335 19.0
18.0 -3.8333333333333335 18.5
46.0 -4.571428571428571 9.41904761904762
14.0 -4.333333333333333 22.33333333333333
15.0 -4.5 21.666666666666668
54.0 -4.0285714285714285 7.866666666666666
18.0 -2.583333333333333 16.458333333333336
10.0 -2.0 23.75
21.0 -4.333333333333334 16.916666666666664
68.0 -7.666666666666666 13.416666666666666
2.0 -2.0 48.0
70.0 -7.266666666666667 11.116666666666665
18.0 -4.166666666666666 18.625
19.0 -4.666666666666666 18.125
10.0 -3.5 27.33333333333333
12.0 -5.0 25.83333333333333
18.0 -5.5 21.083333333333332
18.0 -3.5 16.770833333333332
21.0 -3.55 14.115
22.0 -4.55 13.115
23.0 -5.05 13.29
26.0 -5.133333333333334 12.041666666666666
28.0 -5.233333333333333 11.899999999999999
31.0 -4.233333333333333 11.075
32.0 -4.433333333333334 10.874999999999998
33.0 -4.433333333333334 10.791666666666668
34.0 -4.483333333333333 10.233333333333333
35.0 -4.316666666666666 10.055555555555557
39.0 -4.816666666666666 11.225
40.0 -4.75 11.045833333333334
61.0 -3.8 6.458333333333334
62.0 -3.8785714285714286 6.37142857142857
63.0 -3.8785714285714286 6.188095238095238
67.0 -8.166666666666666 14.54761904761905
68.0 -8.25 14.499999999999998
7.0 -0.0 26.999999999999993
60.0 -4.388888888888889 6.798148148148149
62.0 -4.416666666666667 6.983333333333334
8.0 -3.0 29.999999999999993
13.0 -3.5 22.166666666666664
5.0 -0.5 34.166666666666664
6.0 -0.5 31.166666666666664
36.0 -3.547619047619048 9.988095238095237
42.0 -3.8333333333333335 9.81111111111111
48.0 -4.933333333333334 9.466666666666665
49.0 -4.933333333333334 8.5
50.0 -4.933333333333334 8.499999999999998
53.0 -5.016666666666667 8.722222222222221
59.0 -5.1000000000000005 8.716666666666667
65.0 -5.154761904761904 6.008928571428571
68.0 -5.063095238095238 5.871428571428571
20.0 -4.9 18.03333333333333
61.0 -7.5 12.199999999999998
69.0 -7.9 12.399999999999999
48.0 -3.1904761904761907 7.87142857142857
50.0 -3.1904761904761907 7.59047619047619
52.0 -3.1964285714285716 6.781547619047619
54.0 -3.1964285714285716 6.631547619047619
6.0 -3.0 35.66666666666666
29.0 -3.25 9.75
30.0 -3.3333333333333335 10.166666666666666
59.0 -7.6 12.2
62.0 -7.5 11.66666666666667
63.0 -7.5 11.666666666666668
43.0 -3.8666666666666667 9.077777777777776
13.0 -4.5 24.249999999999996
14.0 -5.5 23.249999999999996
15.0 -5.5 22.666666666666664
16.0 -5.333333333333333 20.777777777777775
20.0 -5.416666666666666 18.291666666666668
21.0 -5.416666666666666 17.854166666666668
23.0 -5.35 16.516666666666666
5.0 -1.0 34.5
20.0 -6.0 19.125
21.0 -6.25 18.875
22.0 -6.2 16.799999999999997
24.0 -6.2 16.05
26.0 -6.7 16.35
27.0 -6.666666666666667 16.25
28.0 -6.566666666666667 15.200000000000001
29.0 -6.400000000000001 14.38888888888889
31.0 -6.066666666666667 12.333333333333334
33.0 -7.1000000000000005 12.700000000000001
38.0 -5.9 11.622222222222224
39.0 -5.9 11.62222222222222
47.0 -7.416666666666667 13.875
54.0 -7.416666666666667 13.874999999999998
25.0 -6.5 19.5
26.0 -7.5 18.5
15.0 -2.5 18.0
16.0 -3.0 18.375
60.0 -5.257142857142857 8.538095238095238
62.0 -5.227380952380952 7.461904761904762
63.0 -5.227380952380952 7.211904761904762
47.0 -3.8630952380952377 8.261904761904761
48.0 -3.696428571428571 7.907738095238096
50.0 -4.863095238095238 7.99107142857143
55.0 -4.863095238095238 7.534821428571429
56.0 -4.696428571428571 7.180654761904763
58.0 -4.696428571428571 7.180654761904762
68.0 -5.196428571428571 7.209821428571428
69.0 -5.196428571428571 6.753571428571429
17.0 -1.75 15.583333333333332
18.0 -1.75 14.25
19.0 -2.75 15.083333333333332
14.0 -4.166666666666666 21.5
55.0 -4.995238095238095 7.889115646258503
56.0 -3.9285714285714284 6.741496598639455
60.0 -5.833333333333334 9.133333333333335
61.0 -6.0285714285714285 8.814285714285713
63.0 -5.5285714285714285 8.507142857142856
66.0 -6.95 10.883333333333333
70.0 -6.933333333333334 9.93888888888889
8.0 -3.5 33.0
34.0 -8.0 21.166666666666664
35.0 -8.0 20.166666666666668
36.0 -7.833333333333333 19.5
10.0 -3.0 25.166666666666664
45.0 -6.285714285714286 11.107142857142856
47.0 -6.233333333333333 11.033333333333335
48.0 -6.833333333333334 10.666666666666668
21.0 -1.0 13.2
2.0 -0.5 43.75
3.0 -1.5 42.75
4.0 -1.5 39.16666666666667
40.0 -2.8333333333333335 8.316666666666666
41.0 -3.166666666666667 8.571428571428571
43.0 -3.066666666666667 8.002380952380953
44.0 -3.066666666666667 7.930952380952382
10.0 -4.0 28.33333333333333
8.0 -1.0 26.333333333333336
35.0 -5.25 11.999999999999998
34.0 -4.9 11.57777777777778
36.0 -4.65 11.369444444444445
37.0 -4.65 11.352777777777776
40.0 -5.066666666666666 11.394444444444442
42.0 -4.816666666666666 10.186111111111112
43.0 -4.816666666666666 9.919444444444446
48.0 -4.566666666666666 9.352777777777776
50.0 -5.066666666666666 8.852777777777778
51.0 -5.566666666666666 8.908333333333333
53.0 -5.383333333333334 8.855555555555556
54.0 -4.3880952380952385 7.978571428571428
4.0 -1.0 36.83333333333333
12.0 -0.16666666666666666 18.11111111111111
14.0 -0.8333333333333333 17.44444444444444
15.0 -1.8333333333333335 16.444444444444443
16.0 -2.3333333333333335 15.944444444444443
19.0 -2.4166666666666665 14.499999999999998
20.0 -2.4166666666666665 13.874999999999998
40.0 -8.25 17.0
41.0 -8.25 16.71666666666667
42.0 -8.333333333333332 17.0
37.0 -2.5 9.666666666666666
6.0 -1.0 31.333333333333332
46.0 -3.9166666666666665 8.541666666666666
13.0 -3.0 21.500000000000004
45.0 -4.699999999999999 9.67
10.0 -1.3333333333333333 22.833333333333332
11.0 -2.3333333333333335 21.833333333333332
12.0 -2.3333333333333335 21.333333333333332
14.0 -2.8333333333333335 19.958333333333332
15.0 -2.8333333333333335 18.541666666666664
16.0 -2.8333333333333335 17.066666666666666
19.0 -3.8333333333333335 16.06666666666667
20.0 -4.0 15.649999999999997
28.0 -5.416666666666667 12.958333333333332
7.0 -1.0 28.333333333333332
39.0 -7.866666666666667 17.61111111111111
41.0 -8.5 18.944444444444443
3.0 -2.0 43.0
5.0 -2.0 36.16666666666667
6.0 -2.0 33.166666666666664
7.0 -2.0 30.16666666666666
8.0 -2.0 27.833333333333332
63.0 -8.15 14.375
64.0 -8.233333333333334 14.944444444444445
67.0 -8.4 14.777777777777775
69.0 -8.65 14.805555555555554
70.0 -8.65 14.72222222222222
12.0 -4.0 23.166666666666664
13.0 -4.0 22.166666666666668
13.0 -1.6666666666666665 17.5
15.0 -1.9166666666666665 17.25
16.0 -1.9166666666666665 15.833333333333332
19.0 -2.0 14.333333333333332
60.0 -5.416666666666666 8.678571428571429
38.0 -1.8833333333333333 8.490277777777777
43.0 -2.1166666666666667 7.172777777777778
44.0 -2.1166666666666667 7.172777777777777
45.0 -2.45 7.117222222222222
46.0 -2.95 7.07
47.0 -3.1166666666666667 7.350555555555555
49.0 -3.1166666666666667 6.968888888888889
50.0 -3.15 6.935555555555555
51.0 -3.05 6.468888888888889
52.0 -3.05 6.2700000000000005
55.0 -2.9880952380952377 5.559523809523809
56.0 -3.088095238095238 5.654761904761904
57.0 -3.2547619047619043 5.7785714285714285
58.0 -2.7547619047619043 5.264285714285714
59.0 -3.088095238095238 5.207142857142856
60.0 -3.588095238095238 5.721428571428571
61.0 -3.732142857142857 5.6517857142857135
65.0 -3.732142857142857 5.5684523809523805
66.0 -3.732142857142857 5.407738095238096
70.0 -3.732142857142857 4.7976190476190474
14.0 -3.3333333333333335 20.66666666666666
15.0 -4.333333333333334 19.66666666666666
17.0 -4.5 19.749999999999996
69.0 -7.041666666666666 10.479166666666666
7.0 -4.0 36.5
8.0 -4.0 34.0
9.0 -5.0 33.0
15.0 -3.0 19.049999999999997
17.0 -3.5 18.549999999999997
18.0 -4.0 18.549999999999997
40.0 -4.933333333333334 11.05
41.0 -5.333333333333334 10.241666666666665
44.0 -4.833333333333334 9.854166666666668
21.0 -2.6666666666666665 13.266666666666664
22.0 -2.6904761904761907 11.69047619047619
23.0 -2.6904761904761907 11.45238095238095
24.0 -2.95 11.880555555555555
25.0 -3.95 12.408333333333331
31.0 -4.366666666666667 11.866666666666667
32.0 -4.533333333333333 11.713888888888887
40.0 -3.738095238095238 9.583333333333332
