0.0 -0.0 50.0
20.0 -1.8333333333333333 14.133333333333333
22.0 -2.833333333333333 13.133333333333333
24.0 -3.433333333333333 12.533333333333337
25.0 -4.433333333333334 11.533333333333333
27.0 -5.1 10.866666666666669
28.0 -5.6 9.666666666666668
29.0 -5.666666666666667 9.333333333333334
35.0 -5.666666666666667 9.333333333333332
38.0 -5.0 9.166666666666668
41.0 -5.166666666666667 9.0
42.0 -5.166666666666667 8.261904761904763
47.0 -5.166666666666667 8.261904761904761
50.0 -4.142857142857142 7.464285714285712
61.0 -4.0 6.8125
1.0 -0.5 47.5
2.0 -0.5 43.0
3.0 -0.5 39.75
1.0 -1.0 49.0
1.0 -0.0 45.0
30.0 -5.916666666666667 16.333333333333332
31.0 -5.916666666666667 15.583333333333336
33.0 -6.666666666666666 16.916666666666668
34.0 -6.666666666666666 16.916666666666664
54.0 -7.416666666666667 12.0
55.0 -7.166666666666667 11.36111111111111
58.0 -7.333333333333333 11.625000000000002
60.0 -7.583333333333334 12.375000000000002
29.0 -5.916666666666666 16.083333333333336
16.0 -4.25 19.249999999999996
11.0 -1.5 22.633333333333336
16.0 -5.0 21.249999999999996
53.0 -4.035714285714286 7.383333333333333
57.0 -4.0 7.0777777777777775
59.0 -5.066666666666667 7.555555555555555
60.0 -5.166666666666667 7.855555555555555
61.0 -5.1190476190476195 7.383333333333334
63.0 -4.916666666666667 7.161111111111111
64.0 -4.8690476190476195 7.137301587301588
65.0 -4.75 6.813888888888889
66.0 -5.0 7.3694444444444445
69.0 -5.0 7.063888888888888
70.0 -4.75 6.633333333333333
8.0 -0.0 24.83333333333333
16.0 -0.6666666666666666 16.066666666666666
21.0 -1.9 13.166666666666668
43.0 -5.983333333333333 12.762500000000001
17.0 -5.333333333333333 19.958333333333332
18.0 -5.375 18.791666666666664
19.0 -5.4 18.475
21.0 -5.9 17.3
23.0 -4.9 14.966666666666669
24.0 -5.1000000000000005 14.766666666666666
25.0 -5.2 14.749999999999998
26.0 -5.2 14.749999999999996
19.0 -3.9999999999999996 16.833333333333332
34.0 -6.5 14.333333333333332
37.0 -7.0 15.499999999999996
32.0 -6.25 15.277777777777779
33.0 -6.083333333333333 15.11111111111111
35.0 -3.8333333333333335 9.222222222222221
37.0 -3.8333333333333335 9.22222222222222
5.0 -1.0 33.5
6.0 -2.0 32.5
7.0 -2.0 30.0
11.0 -3.0 23.5
12.0 -3.0 22.5
13.0 -3.0 20.5
14.0 -4.0 19.5
16.0 -3.6666666666666665 18.666666666666664
18.0 -2.5 15.249999999999998
20.0 -2.833333333333333 14.916666666666666
23.0 -2.833333333333333 12.916666666666666
27.0 -3.033333333333333 10.716666666666665
3.0 -2.0 44.0
5.0 -2.0 36.5
43.0 -6.7 12.775
44.0 -7.75 14.0
45.0 -7.9 13.583333333333334
49.0 -7.4 13.566666666666668
52.0 -7.9 13.25
3.0 -0.0 37.25
2.0 -1.0 44.0
16.0 -4.833333333333334 20.555555555555554
30.0 -6.333333333333334 18.020833333333332
31.0 -6.333333333333334 17.645833333333336
49.0 -6.833333333333333 12.499999999999996
50.0 -7.166666666666667 12.166666666666666
58.0 -7.928571428571429 13.0
60.0 -8.0 13.5
62.0 -9.5 14.0
66.0 -9.5 13.5
68.0 -8.166666666666666 12.833333333333334
17.0 -0.75 15.6
25.0 -2.033333333333333 11.358333333333333
26.0 -2.2333333333333334 11.158333333333333
7.0 -3.0 32.0
8.0 -3.0 29.5
10.0 -3.5 27.16666666666666
42.0 -6.416666666666667 13.416666666666666
43.0 -6.866666666666667 13.666666666666666
48.0 -6.333333333333333 12.250000000000002
45.0 -2.2533333333333334 6.5566666666666675
46.0 -2.42 6.673333333333334
47.0 -2.42 6.384444444444444
49.0 -2.2533333333333334 6.373333333333333
56.0 -2.42 6.231666666666667
8.0 -3.5 32.5
20.0 -4.5 16.700000000000003
44.0 -6.285714285714286 12.178571428571427
11.0 -0.6666666666666666 20.666666666666664
13.0 -0.6666666666666666 18.333333333333336
15.0 -2.0 18.0
2.0 -2.0 48.0
3.0 -3.0 47.0
4.0 -3.0 43.0
5.0 -3.0 40.5
16.0 -6.0 24.5
17.0 -6.5 24.5
9.0 -3.0 27.0
10.0 -3.0 25.416666666666664
11.0 -4.0 24.416666666666664
12.0 -4.666666666666666 23.749999999999996
13.0 -4.666666666666666 20.91666666666666
14.0 -5.666666666666667 21.499999999999996
17.0 -6.166666666666667 21.499999999999996
18.0 -7.166666666666667 20.5
19.0 -6.666666666666667 19.0
20.0 -5.666666666666667 18.75
12.0 -2.0 21.033333333333335
13.0 -2.0 19.533333333333335
2.0 -0.0 41.0
3.0 -1.0 40.0
4.0 -1.0 36.333333333333336
11.0 -2.0 23.099999999999994
6.0 -2.5 35.75
60.0 -5.2 8.34
61.0 -5.7 8.540000000000001
62.0 -6.95 9.440000000000001
64.0 -6.8500000000000005 9.17
70.0 -6.7666666666666675 8.8
7.0 -4.0 36.33333333333332
4.0 -2.0 39.5
44.0 -5.9523809523809526 11.642857142857142
59.0 -5.285714285714286 8.785714285714285
54.0 -3.757142857142857 6.316964285714286
55.0 -3.9238095238095236 6.629464285714285
58.0 -3.9404761904761902 6.4315476190476195
60.0 -3.994047619047619 6.19047619047619
61.0 -3.5555555555555554 5.615079365079365
63.0 -3.888888888888889 5.281746031746032
68.0 -2.822222222222222 4.611904761904762
69.0 -2.1303030303030304 3.8999999999999995
59.0 -7.122222222222222 10.744444444444445
60.0 -7.15 11.033333333333333
10.0 -4.5 31.83333333333333
60.0 -6.75 10.40952380952381
61.0 -6.25 10.20952380952381
36.0 -6.833333333333333 15.666666666666668
38.0 -7.25 16.0
39.0 -8.25 16.4
45.0 -8.333333333333334 16.733333333333338
46.0 -8.333333333333334 16.733333333333334
4.0 -0.0 34.0
17.0 -3.5 17.166666666666668
19.0 -3.333333333333333 16.11111111111111
6.0 -3.0 37.0
9.0 -0.0 22.666666666666668
10.0 -1.0 21.666666666666668
11.0 -1.0 21.41666666666666
12.0 -1.0 19.91666666666666
13.0 -1.0 19.5
15.0 -2.3333333333333335 18.166666666666668
16.0 -2.3333333333333335 17.166666666666668
51.0 -8.75 16.5
52.0 -8.583333333333334 16.145833333333332
48.0 -3.9666666666666663 8.158333333333333
26.0 -4.5 14.450000000000001
33.0 -5.783333333333334 12.883333333333333
22.0 -5.0 15.714285714285714
25.0 -5.0 14.714285714285714
17.0 -4.5 19.333333333333332
16.0 -1.3333333333333333 16.416666666666664
18.0 -1.6666666666666665 14.666666666666668
30.0 -5.833333333333333 15.75
42.0 -6.433333333333333 13.916666666666668
48.0 -3.3952380952380956 7.497619047619048
9.0 -2.0 25.666666666666664
31.0 -3.7333333333333334 9.253333333333332
32.0 -3.7333333333333334 9.053333333333335
33.0 -3.7333333333333334 9.053333333333333
37.0 -3.6333333333333333 7.894444444444444
38.0 -3.3 7.644444444444445
40.0 -3.9 8.294444444444444
44.0 -3.6619047619047618 8.076190476190476
47.0 -5.275 9.1625
9.0 -1.3333333333333333 25.66666666666666
10.0 -1.3333333333333333 23.66666666666666
51.0 -5.5 9.0
3.0 -1.5 42.75
4.0 -2.5 41.75
27.0 -5.249999999999999 16.333333333333336
53.0 -6.833333333333334 12.041666666666666
36.0 -1.2380952380952381 8.562499999999998
39.0 -1.7083333333333333 7.370535714285714
40.0 -2.708333333333333 7.5892857142857135
41.0 -2.708333333333333 7.047619047619048
48.0 -1.625 5.765178571428571
50.0 -1.625 5.652678571428572
55.0 -2.125 5.171428571428571
10.0 -4.0 27.499999999999996
11.0 -5.0 26.499999999999996
12.0 -5.0 24.499999999999996
13.0 -5.0 23.999999999999996
46.0 -6.1000000000000005 10.25
47.0 -5.933333333333334 9.666666666666666
52.0 -6.199999999999999 10.066666666666666
16.0 -1.5 16.892857142857142
20.0 -0.75 14.095833333333331
65.0 -6.416666666666667 9.066666666666666
66.0 -6.25 8.716666666666667
68.0 -6.316666666666666 8.813333333333333
7.0 -0.0 27.333333333333332
26.0 -5.5 17.083333333333336
27.0 -6.0 16.583333333333336
28.0 -6.0 16.583333333333332
32.0 -6.333333333333334 16.25
5.0 -1.5 35.41666666666667
43.0 -3.433333333333333 7.758730158730159
44.0 -3.3833333333333333 6.841111111111111
53.0 -2.5666666666666664 6.322222222222223
66.0 -1.3571428571428572 4.404761904761903
68.0 -1.3571428571428572 4.357142857142857
36.0 -5.785714285714286 14.071428571428573
61.0 -4.311111111111111 6.999999999999999
15.0 -1.0 17.03333333333333
16.0 -2.0 17.03333333333333
40.0 -5.783333333333334 11.616666666666667
41.0 -5.95 11.450000000000001
44.0 -5.95 11.45
6.0 -1.0 30.5
7.0 -1.0 27.5
8.0 -1.0 25.25
9.0 -1.0 23.25
10.0 -0.0 21.25
11.0 -0.0 19.75
14.0 -0.3333333333333333 18.11111111111111
70.0 -6.023809523809524 8.620833333333332
5.0 -2.5 39.25
17.0 -3.75 17.583333333333332
18.0 -3.75 16.28333333333333
20.0 -3.95 16.083333333333332
21.0 -3.916666666666667 14.08333333333333
22.0 -3.8000000000000003 13.933333333333334
23.0 -3.933333333333333 13.399999999999997
24.0 -4.083333333333333 13.416666666666666
14.0 -3.0 18.250000000000004
15.0 -3.0 18.25
16.0 -2.6666666666666665 17.416666666666664
17.0 -2.6666666666666665 15.916666666666668
18.0 -3.1666666666666665 15.416666666666668
20.0 -3.5 15.083333333333334
69.0 -7.999999999999999 12.38888888888889
13.0 -5.333333333333333 30.83333333333333
12.0 -2.5 21.999999999999996
26.0 -5.333333333333333 16.875000000000004
28.0 -6.333333333333333 18.041666666666664
23.0 -0.5 11.749999999999996
24.0 -1.5 12.249999999999996
21.0 -4.0 16.316666666666663
52.0 -4.7142857142857135 8.178571428571429
53.0 -5.7142857142857135 9.142857142857144
55.0 -6.0476190476190474 9.404761904761905
32.0 -7.0 19.61111111111111
33.0 -7.166666666666667 18.083333333333332
40.0 -6.666666666666666 15.38888888888889
42.0 -8.333333333333332 17.11111111111111
10.0 -2.0 24.33333333333333
17.0 -3.833333333333333 18.666666666666668
25.0 -5.25 17.0
37.0 -6.428571428571429 13.821428571428566
9.0 -4.0 30.33333333333333
32.0 -7.333333333333334 21.999999999999996
49.0 -6.75 10.5
5.0 -0.0 31.0
6.0 -0.0 29.0
8.0 -2.0 27.0
9.0 -2.5 26.5
19.0 -4.0 18.333333333333332
20.0 -5.0 17.333333333333332
30.0 -5.95 16.575
66.0 -8.433333333333334 13.47777777777778
49.0 -8.0 14.83333333333333
62.0 -8.25 13.15
65.0 -8.25 13.149999999999999
34.0 -7.333333333333334 19.47222222222222
35.0 -7.233333333333334 19.005555555555556
38.0 -7.4 19.144444444444442
7.0 -3.5 35.5
17.0 -4.333333333333333 19.25
42.0 -5.958333333333333 13.041666666666666
66.0 -7.75 11.75
