0.0 -0.0 50.0
1.0 -0.0 45.0
50.0 -7.0 12.705555555555557
5.0 -1.1666666666666667 36.16666666666667
69.0 -3.1607142857142856 5.491402116402116
1.0 -0.5 47.5
1.0 -1.0 49.0
2.0 -0.0 41.0
11.0 -4.0 27.166666666666668
25.0 -4.3 13.883333333333333
26.0 -4.3 12.977777777777778
27.0 -4.8 12.694444444444445
28.0 -5.3 13.194444444444443
30.0 -5.3 13.0
31.0 -4.261904761904762 11.602380952380953
32.0 -3.261904761904762 9.726190476190476
33.0 -3.833333333333333 9.714285714285714
34.0 -4.333333333333333 9.214285714285714
35.0 -3.9999999999999996 8.642857142857142
36.0 -3.232142857142857 7.6101190476190474
37.0 -3.6488095238095237 6.949404761904761
2.0 -1.0 44.0
6.0 -3.0 36.0
7.0 -4.0 35.0
8.0 -4.0 34.0
10.0 -4.5 31.75
20.0 -6.833333333333333 22.88888888888889
21.0 -6.833333333333333 22.166666666666668
24.0 -6.833333333333333 22.166666666666664
25.0 -8.0 23.5
26.0 -7.916666666666667 21.458333333333332
30.0 -7.416666666666667 18.724999999999998
37.0 -8.5 19.23333333333333
38.0 -9.5 18.23333333333333
39.0 -8.5 16.566666666666663
61.0 -6.233333333333334 8.833333333333334
64.0 -5.233333333333333 7.397619047619046
65.0 -5.166666666666667 6.94047619047619
66.0 -6.233333333333334 7.311904761904761
67.0 -6.333333333333334 7.869047619047619
6.0 -1.0 31.166666666666664
9.0 -2.0 25.333333333333332
10.0 -2.333333333333333 25.0
62.0 -6.375 9.625
63.0 -7.428571428571429 10.678571428571427
65.0 -7.4 10.6
66.0 -7.4 10.599999999999998
69.0 -7.571428571428571 10.428571428571427
23.0 -2.0 12.525
24.0 -2.0 12.524999999999999
25.0 -2.033333333333333 11.633333333333333
26.0 -2.033333333333333 10.566666666666668
27.0 -2.2333333333333334 10.366666666666667
29.0 -2.2666666666666666 9.75
11.0 -3.5 25.0
12.0 -3.9 24.6
9.0 -3.0 27.33333333333333
10.0 -3.0 25.33333333333333
11.0 -3.0 22.166666666666664
7.0 -3.0 32.5
9.0 -4.5 32.083333333333336
27.0 -3.6666666666666665 12.499999999999996
29.0 -4.166666666666666 12.499999999999998
36.0 -4.566666666666666 10.166666666666668
38.0 -4.566666666666666 10.166666666666666
39.0 -4.566666666666666 10.166666666666664
40.0 -4.75 10.0
3.0 -0.0 37.99999999999999
5.0 -0.0 32.16666666666667
32.0 -3.366666666666667 10.883333333333333
60.0 -7.333333333333333 13.2
54.0 -5.727777777777778 9.155555555555555
59.0 -5.7444444444444445 9.116666666666667
14.0 -4.0 22.099999999999994
37.0 -7.0 16.791666666666664
4.0 -0.0 34.66666666666666
3.0 -1.0 40.0
4.0 -2.0 39.0
5.0 -2.0 36.333333333333336
3.0 -1.1666666666666667 43.166666666666664
21.0 -3.35 14.533333333333333
22.0 -3.5166666666666666 13.633333333333333
16.0 -5.5 23.083333333333332
17.0 -5.833333333333333 22.75
9.0 -1.0 23.5
64.0 -8.666666666666668 10.962499999999999
9.0 -5.0 36.5
38.0 -6.833333333333333 13.249999999999995
58.0 -6.4 10.077777777777778
59.0 -6.733333333333333 9.744444444444445
65.0 -6.328571428571428 8.876190476190475
68.0 -6.828571428571429 8.376190476190475
7.0 -2.0 30.66666666666667
13.0 -3.0 21.083333333333332
14.0 -3.0 20.58333333333333
20.0 -4.583333333333333 16.583333333333336
21.0 -3.583333333333333 14.916666666666666
23.0 -3.533333333333333 14.066666666666666
22.0 -5.833333333333334 16.937499999999996
24.0 -6.166666666666667 16.604166666666664
25.0 -6.333333333333334 16.5
27.0 -6.833333333333334 16.0625
28.0 -5.833333333333334 15.0625
47.0 -4.95 8.620000000000001
52.0 -4.9 8.25
53.0 -4.866666666666667 7.85
54.0 -4.904761904761905 7.0
56.0 -4.504761904761905 6.828571428571428
58.0 -5.5 7.555555555555555
8.0 -2.0 27.83333333333333
16.0 -5.0 22.249999999999996
34.0 -6.866666666666667 13.483333333333333
37.0 -6.366666666666667 12.783333333333331
38.0 -6.366666666666667 11.433333333333334
39.0 -6.2 11.299999999999999
40.0 -6.2 10.266666666666666
41.0 -6.233333333333333 9.2
45.0 -6.566666666666666 10.299999999999999
57.0 -6.9 10.699999999999998
69.0 -7.0 8.380952380952378
10.0 -1.0 22.166666666666668
32.0 -4.733333333333333 12.283333333333333
8.0 -2.5 30.66666666666666
11.0 -3.6666666666666665 26.66666666666666
18.0 -4.0 16.916666666666664
19.0 -4.5 16.416666666666664
20.0 -4.4 15.866666666666669
21.0 -4.4 15.866666666666667
23.0 -4.5 15.75
27.0 -5.7 14.2
28.0 -5.75 14.1
29.0 -5.75 14.099999999999998
34.0 -5.833333333333334 11.928571428571429
35.0 -5.976190476190477 11.785714285714286
37.0 -5.125000000000001 11.583333333333334
21.0 -4.0 15.833333333333332
22.0 -4.0 15.233333333333333
12.0 -6.0 30.0
13.0 -6.0 28.0
16.0 -7.0 24.999999999999993
17.0 -7.5 24.499999999999993
18.0 -6.5 21.75
21.0 -6.5 19.0
23.0 -5.5 16.833333333333336
26.0 -7.0 17.416666666666664
28.0 -7.166666666666667 17.499999999999996
30.0 -7.333333333333334 17.499999999999996
31.0 -7.916666666666667 17.083333333333336
8.0 -3.0 30.833333333333332
13.0 -3.5 22.416666666666668
14.0 -3.5 20.749999999999996
15.0 -4.0 20.249999999999996
31.0 -5.816666666666667 13.98333333333333
32.0 -6.316666666666667 13.48333333333333
33.0 -6.15 11.983333333333334
36.0 -6.25 12.25
37.0 -6.2023809523809526 11.940476190476192
69.0 -3.2666666666666666 5.679365079365079
10.0 -5.0 32.08333333333333
11.0 -5.0 29.58333333333333
24.0 -4.583333333333334 14.5
25.0 -5.083333333333334 13.999999999999998
31.0 -5.5 13.500000000000002
42.0 -7.0 13.0
45.0 -7.166666666666667 12.91666666666667
7.0 -1.5 30.333333333333332
27.0 -4.928571428571429 13.607142857142856
30.0 -6.375 14.333333333333334
42.0 -6.833333333333334 12.611111111111112
53.0 -6.833333333333334 12.277777777777779
54.0 -6.833333333333334 12.277777777777777
2.0 -2.0 48.0
3.0 -2.0 44.5
38.0 -7.0 15.0
39.0 -6.9 14.349999999999996
51.0 -4.423809523809524 7.942857142857143
52.0 -4.5964285714285715 7.503571428571428
64.0 -4.563095238095238 6.541071428571429
12.0 -4.0 26.666666666666668
3.0 -3.0 47.0
4.0 -3.0 44.5
60.0 -2.2017857142857142 5.4750000000000005
62.0 -2.1684523809523806 5.074999999999999
66.0 -2.418452380952381 5.2
68.0 -2.418452380952381 5.199999999999999
6.0 -2.0 33.333333333333336
41.0 -7.333333333333333 16.13888888888889
44.0 -7.333333333333333 15.588888888888885
45.0 -7.333333333333333 15.13888888888889
46.0 -7.583333333333333 15.166666666666666
47.0 -7.416666666666666 15.083333333333336
6.0 -2.6666666666666665 35.66666666666667
7.0 -3.6666666666666665 34.66666666666667
8.0 -3.6666666666666665 31.166666666666664
9.0 -3.6666666666666665 28.166666666666664
18.0 -1.6666666666666665 15.266666666666666
31.0 -3.5666666666666664 11.383333333333333
32.0 -4.266666666666667 11.983333333333333
33.0 -4.283333333333333 10.469444444444445
40.0 -3.0892857142857144 6.906249999999999
41.0 -3.232142857142857 6.763392857142857
42.0 -3.255952380952381 6.641369047619047
43.0 -4.289285714285715 7.637202380952379
44.0 -3.664285714285714 7.074702380952379
47.0 -3.7476190476190476 7.414285714285714
48.0 -3.714285714285714 7.089285714285714
51.0 -4.214285714285714 7.589285714285714
69.0 -5.414285714285715 7.160119047619048
11.0 -3.8333333333333335 27.166666666666664
20.0 -5.833333333333333 20.166666666666668
28.0 -3.866666666666667 12.688888888888886
31.0 -4.500000000000001 12.222222222222221
32.0 -5.5 12.61111111111111
6.0 -1.1666666666666667 33.16666666666667
20.0 -1.6 14.2
21.0 -1.4333333333333333 12.659722222222221
22.0 -1.4333333333333333 11.590277777777779
25.0 -1.4333333333333333 11.256944444444443
30.0 -1.7666666666666666 9.694444444444443
31.0 -1.7666666666666666 9.291666666666666
32.0 -1.7666666666666666 8.595833333333333
43.0 -3.7023809523809526 7.62797619047619
16.0 -0.15 15.866666666666667
18.0 -0.15 14.816666666666666
19.0 -0.15 14.233333333333334
10.0 -3.5 27.416666666666664
12.0 -3.333333333333333 23.833333333333332
46.0 -7.316666666666666 14.75
48.0 -7.316666666666666 14.700000000000001
49.0 -7.316666666666666 14.558333333333334
10.0 -4.0 28.5
11.0 -4.5 28.0
12.0 -5.5 27.0
13.0 -5.5 25.5
15.0 -6.0 25.0
17.0 -7.0 24.0
19.0 -7.5 23.5
25.0 -6.5 17.75
29.0 -6.166666666666667 15.416666666666668
21.0 -2.5333333333333337 14.05
36.0 -4.6 10.958333333333332
56.0 -5.232142857142858 7.133928571428571
60.0 -6.232142857142858 7.6589285714285715
63.0 -6.232142857142858 7.5339285714285715
12.0 -2.25 20.916666666666668
13.0 -2.333333333333333 20.749999999999996
23.0 -4.166666666666666 15.333333333333334
25.0 -3.0 12.750000000000002
26.0 -2.9166666666666665 12.666666666666666
4.0 -1.0 36.333333333333336
5.0 -1.0 33.83333333333333
52.0 -6.583333333333333 11.166666666666666
53.0 -6.761904761904762 10.95238095238095
55.0 -7.0 10.833333333333334
56.0 -6.9 10.733333333333333
5.0 -3.0 41.0
10.0 -2.0 23.4
11.0 -2.0 20.333333333333336
12.0 -2.0 20.333333333333332
13.0 -1.0 18.333333333333332
14.0 -1.0 16.833333333333336
15.0 -1.0 16.833333333333332
17.0 -1.0 14.833333333333336
18.0 -1.0 14.833333333333334
20.0 -1.0 13.633333333333335
13.0 -2.0 20.166666666666668
29.0 -3.4 12.1
19.0 -2.6666666666666665 14.357142857142856
20.0 -2.6666666666666665 14.357142857142854
24.0 -3.6666666666666665 13.357142857142858
10.0 -2.5 25.199999999999996
25.0 -3.261904761904762 12.857142857142856
26.0 -3.333333333333333 12.749999999999998
27.0 -3.25 12.249999999999998
28.0 -3.083333333333333 10.583333333333334
30.0 -3.083333333333333 10.583333333333332
31.0 -3.183333333333333 10.633333333333333
39.0 -4.383333333333334 9.933333333333334
13.0 -1.5 18.333333333333336
14.0 -2.0 17.833333333333336
6.0 -0.0 29.833333333333332
61.0 -7.3999999999999995 12.100000000000001
62.0 -7.266666666666667 10.700000000000001
63.0 -7.766666666666667 10.700000000000001
2.0 -1.5 46.5
3.0 -1.5 43.5
4.0 -2.5 42.5
5.0 -3.5 41.5
6.0 -3.5 39.75
7.0 -0.0 26.666666666666664
8.0 -1.0 25.666666666666664
9.0 -1.3333333333333333 25.33333333333333
15.0 -1.3333333333333333 17.333333333333332
19.0 -3.5 14.714285714285714
20.0 -3.5 14.714285714285712
21.0 -2.5 12.714285714285714
24.0 -2.5 12.666666666666666
26.0 -2.5 11.357142857142858
27.0 -2.642857142857143 11.214285714285714
55.0 -4.933333333333334 8.314166666666667
7.0 -1.0 28.16666666666666
13.0 -1.8333333333333333 19.166666666666664
14.0 -2.5 18.499999999999996
15.0 -3.5 17.5
17.0 -3.583333333333333 15.750000000000002
21.0 -3.0 14.166666666666666
24.0 -1.65 12.416666666666668
29.0 -5.316666666666666 13.433333333333334
16.0 -3.0 17.0
17.0 -4.166666666666666 18.166666666666664
18.0 -5.166666666666667 19.0
21.0 -5.166666666666667 17.833333333333332
8.0 -0.0 24.66666666666666
10.0 -1.5 23.166666666666664
12.0 -1.5 20.0
16.0 -2.833333333333333 16.5
20.0 -2.9999999999999996 14.357142857142858
22.0 -2.9999999999999996 13.023809523809524
23.0 -3.142857142857143 12.880952380952381
12.0 -3.5 24.166666666666664
13.0 -4.5 23.166666666666664
14.0 -5.0 22.666666666666668
15.0 -5.0 22.666666666666664
17.0 -5.0 19.666666666666668
20.0 -5.0 18.5
14.0 -4.5 22.5
15.0 -4.5 22.499999999999996
41.0 -7.233333333333333 13.733333333333334
42.0 -6.8999999999999995 12.733333333333334
62.0 -2.988095238095238 5.382653061224489
65.0 -3.0833333333333335 5.55952380952381
66.0 -3.071428571428572 5.469387755102041
67.0 -3.071428571428572 5.255102040816326
18.0 -5.5 20.5
19.0 -5.5 19.5
9.0 -0.0 23.333333333333336
10.0 -0.0 21.833333333333336
12.0 -0.0 19.333333333333332
40.0 -4.15 9.033333333333331
41.0 -4.3500000000000005 8.833333333333332
42.0 -4.566666666666666 8.4
44.0 -4.716666666666667 8.41
46.0 -4.766666666666667 8.366666666666667
49.0 -4.85 8.41
50.0 -4.95 8.51
51.0 -4.966666666666667 8.466666666666665
55.0 -5.466666666666667 8.799999999999999
56.0 -5.466666666666667 8.783333333333331
18.0 -3.75 15.416666666666664
22.0 -3.75 14.833333333333334
46.0 -7.833333333333334 15.416666666666668
49.0 -8.0 15.333333333333332
50.0 -7.9 14.533333333333331
52.0 -8.0 14.000000000000002
53.0 -8.5 14.500000000000002
12.0 -2.6666666666666665 21.666666666666664
13.0 -3.1666666666666665 21.166666666666664
16.0 -4.166666666666667 21.666666666666664
17.0 -5.166666666666667 20.66666666666666
50.0 -5.416666666666667 9.178571428571429
51.0 -5.5 9.107142857142858
52.0 -5.5 8.988095238095239
58.0 -5.261904761904762 7.4642857142857135
69.0 -4.3619047619047615 6.189285714285714
26.0 -2.7142857142857144 12.154761904761905
48.0 -2.9714285714285715 6.284821428571428
50.0 -4.071428571428571 6.553571428571427
51.0 -4.055555555555555 5.805555555555555
52.0 -4.305555555555555 6.203703703703703
63.0 -4.761111111111111 6.766666666666666
33.0 -4.9523809523809526 11.290476190476191
34.0 -5.0 10.988888888888889
