50.0 0.0
45.0 1.0
3.038095238095238 51.0
21.333333333333332 9.0
20.5 10.0
2.627142857142858 52.0
2.44047619047619 53.0
2.3652380952380945 54.0
2.03095238095238 55.0
15.833333333333334 13.0
13.83333333333333 14.0
11.833333333333334 16.0
11.466666666666667 17.0
4.15 40.0
3.258888888888889 48.0
3.1517857142857135 50.0
7.866666666666667 21.0
7.366666666666665 22.0
4.055555555555556 44.0
4.0555555555555545 46.0
40.666666666666664 2.0
37.166666666666664 3.0
31.16666666666666 5.0
29.16666666666666 6.0
25.75 7.0
24.58333333333333 8.0
33.99999999999999 4.0
18.0 12.0
0.6484848484848502 66.0
0.24393939393939412 67.0
0.11060606060606126 69.0
19.266666666666666 11.0
1.7523809523809515 58.0
1.4761904761904754 61.0
4.185555555555555 31.0
6.233333333333333 24.0
5.824999999999999 25.0
5.188888888888888 26.0
4.822222222222223 27.0
4.433333333333334 28.0
4.188888888888888 29.0
4.185555555555556 30.0
7.188611111111111 23.0
10.293333333333331 19.0
13.033333333333333 15.0
10.699999999999998 18.0
