36.0 -17.95
0.0 0.12833333333333333
1.0 0.09904761904761904
2.0 -0.8676190476190476
3.0 -1.8726190476190476
4.0 -2.8892857142857142
8.0 -5.911904761904762
5.0 -2.9339285714285714
6.0 -3.9339285714285714
7.0 -4.9089285714285715
15.0 -5.961904761904762
11.0 -5.95
13.0 -5.955555555555556
9.0 -5.936904761904762
20.0 -8.941666666666666
21.0 -9.941666666666666
22.0 -10.958333333333334
23.0 -11.958333333333334
30.0 -12.941666666666666
31.0 -12.966666666666667
32.0 -13.933333333333334
34.0 -14.966666666666667
35.0 -15.966666666666667
39.0 -18.0
40.0 -19.0
41.0 -20.0
33.0 -14.916666666666666
17.0 -6.935
16.0 -6.928333333333334
18.0 -6.94
19.0 -7.956666666666667
