0.0 -0.0 15.0
1.0 -0.0 12.5
2.0 -1.0 11.5
1.0 -1.0 14.0
2.0 -2.0 13.0
3.0 -2.0 10.5
4.0 -3.0 9.5
5.0 -4.0 8.5
6.0 -4.0 6.333333333333332
7.0 -4.0 4.833333333333333
3.0 -3.0 12.0
2.0 -0.0 10.333333333333332
9.0 -4.5 4.333333333333333
10.0 -7.0 5.5
1.0 -0.5 13.0
2.0 -0.5 10.75
3.0 -1.5 9.75
4.0 -2.5 8.75
7.0 -1.0 4.583333333333333
23.0 -6.166666666666666 2.916666666666667
9.0 -4.0 4.25
26.0 -5.666666666666667 2.25
4.0 -0.0 7.000000000000001
5.0 -0.0 5.666666666666666
6.0 -1.0 4.666666666666666
16.0 -3.4 1.65
7.0 -0.5 4.25
11.0 -4.666666666666666 3.666666666666667
12.0 -4.333333333333334 3.055555555555556
14.0 -4.833333333333334 3.055555555555556
5.0 -1.0 6.0
12.0 -2.666666666666667 2.333333333333333
14.0 -2.666666666666667 2.1666666666666665
15.0 -2.666666666666667 2.0
20.0 -4.666666666666666 2.333333333333333
21.0 -4.833333333333333 2.0
26.0 -5.666666666666666 2.083333333333333
3.0 -1.0 9.333333333333332
2.0 -1.5 12.0
20.0 -4.5 2.25
32.0 -4.333333333333334 1.5
5.0 -2.0 6.333333333333332
6.0 -2.0 4.999999999999999
26.0 -8.0 5.0
32.0 -6.5 2.75
29.0 -4.4 1.75
31.0 -4.4 1.7499999999999998
21.0 -5.5 2.6666666666666665
23.0 -7.0 3.0
6.0 -5.0 8.0
16.0 -5.833333333333333 3.5833333333333335
19.0 -6.0 3.25
22.0 -5.833333333333333 3.083333333333333
18.0 -5.75 3.25
8.0 -3.0 3.9999999999999996
9.0 -3.6666666666666665 4.083333333333333
10.0 -3.4166666666666665 3.083333333333333
3.0 -2.5 11.0
4.0 -3.5 10.0
24.0 -4.4 1.8
26.0 -3.9 1.7999999999999998
5.0 -3.5 8.0
4.0 -4.0 11.0
6.0 -4.5 7.75
10.0 -3.5 3.25
11.0 -4.0 3.0000000000000004
12.0 -5.0 3.25
22.0 -6.666666666666667 3.666666666666666
7.0 -5.0 6.5
20.0 -7.5 4.5
22.0 -7.5 4.0
9.0 -6.0 5.75
16.0 -6.25 3.75
18.0 -6.0 3.5
20.0 -6.5 3.25
5.0 -5.0 10.0
4.0 -1.5 8.25
8.0 -6.0 7.0
26.0 -6.166666666666666 2.5833333333333335
20.0 -5.0 2.625
19.0 -2.9583333333333335 1.5208333333333333
3.0 -0.0 8.25
10.0 -6.0 3.75
13.0 -5.0 3.1666666666666665
14.0 -4.0 2.375
8.0 -2.2 3.8
10.0 -3.166666666666667 2.6666666666666665
14.0 -2.2857142857142856 1.5714285714285712
17.0 -2.25 1.375
17.0 -4.75 2.6666666666666665
5.0 -2.166666666666667 7.166666666666666
21.0 -5.666666666666667 2.9166666666666665
22.0 -5.666666666666666 2.4166666666666665
5.0 -3.0 7.333333333333332
15.0 -4.5 2.5
16.0 -5.666666666666667 3.3333333333333335
34.0 -6.0 2.5
13.0 -4.166666666666666 2.958333333333333
14.0 -4.416666666666666 2.7083333333333335
7.0 -2.166666666666667 4.611111111111111
3.0 -0.5 9.25
4.0 -2.0 8.333333333333332
7.0 -2.25 4.75
8.0 -4.0 4.416666666666666
29.0 -3.7 1.5
30.0 -3.6 1.3
31.0 -3.6 1.2999999999999998
33.0 -3.7 1.4000000000000001
35.0 -3.7 1.4
36.0 -3.6 1.2000000000000002
6.0 -3.5 5.999999999999999
7.0 -4.5 4.999999999999999
8.0 -5.0 4.499999999999999
15.0 -5.0 2.75
17.0 -5.5 2.75
13.0 -4.666666666666667 3.0
13.0 -5.5 3.5
18.0 -6.666666666666667 3.6666666666666665
22.0 -6.166666666666667 3.1666666666666665
13.0 -3.75 2.75
27.0 -4.4 1.7999999999999998
31.0 -5.5 2.0
13.0 -7.0 4.0
16.0 -3.8 1.9499999999999997
9.0 -2.6666666666666665 3.333333333333333
11.0 -3.333333333333333 2.6666666666666665
13.0 -3.5 2.625
14.0 -4.5 2.75
24.0 -2.5 1.34
25.0 -2.55 1.4833333333333334
26.0 -2.6333333333333333 1.4333333333333333
11.0 -1.8333333333333333 2.5
9.0 -3.3333333333333335 3.6666666666666665
34.0 -5.0 1.875
22.0 -5.166666666666667 2.1666666666666665
29.0 -3.566666666666667 1.3666666666666665
30.0 -3.5000000000000004 1.2222222222222223
21.0 -5.0 2.5
5.0 -1.5 6.249999999999999
19.0 -3.8333333333333335 2.2777777777777777
32.0 -8.0 4.5
4.0 -1.0 7.25
6.0 -2.5 5.75
26.0 -6.166666666666667 2.9166666666666665
