0.0 -0.0 15.0
2.0 -0.0 11.0
3.0 -1.0 10.0
1.0 -1.0 14.0
3.0 -2.0 11.5
5.0 -0.4 6.8
1.0 -0.0 13.5
11.0 -2.4 2.425
4.0 -0.4166666666666667 8.5
3.0 -2.5 13.0
7.0 -2.4 4.675
5.0 -2.416666666666667 7.999999999999999
6.0 -1.4 5.675
5.0 -2.6666666666666665 8.75
8.0 -2.8 4.275
8.0 -4.333333333333333 6.916666666666666
7.0 -2.416666666666667 5.333333333333332
9.0 -2.916666666666667 3.958333333333333
6.0 -2.4 6.3
4.0 -0.4 8.3
10.0 -2.4 2.575
9.0 -2.4 3.025
10.0 -2.8 2.825
7.0 -2.916666666666667 5.833333333333332
9.0 -2.8 3.275
6.0 -2.416666666666667 6.333333333333332
8.0 -2.4 3.675
4.0 -1.5 9.0
6.0 -0.5 5.166666666666667
5.0 -1.5 6.833333333333332
7.0 -1.5 4.666666666666666
11.0 -3.333333333333333 3.1666666666666665
10.0 -3.0 3.4999999999999996
10.0 -3.5 4.0
7.0 -2.833333333333333 5.583333333333333
9.0 -3.875 4.75
9.0 -3.166666666666666 4.0
10.0 -3.375 3.75
15.0 -4.2 2.5
7.0 -5.0 10.0
8.0 -6.0 9.0
13.0 -6.0 3.4999999999999996
11.0 -4.5 3.25
10.0 -6.5 10.0
12.0 -6.0 3.5
10.0 -5.0 4.5
11.0 -6.0 5.25
11.0 -5.5 4.5
9.0 -3.5 4.25
8.0 -3.5 4.833333333333332
9.0 -5.0 5.333333333333332
15.0 -1.5666666666666667 1.0444444444444443
7.0 -0.2 4.533333333333333
2.0 -1.5 12.0
4.0 -3.5 10.0
18.0 -3.1666666666666665 1.9
16.0 -1.7333333333333334 1.1555555555555554
6.0 -4.5 7.0
5.0 -4.5 9.0
17.0 -2.0666666666666664 1.2944444444444443
17.0 -2.833333333333333 1.7999999999999998
21.0 -3.25 2.458333333333333
8.0 -4.166666666666667 6.333333333333333
14.0 -2.0666666666666664 1.4611111111111112
13.0 -2.4 1.7944444444444443
12.0 -2.0666666666666664 1.7111111111111108
9.0 -1.2333333333333334 2.933333333333333
10.0 -1.9 2.2666666666666666
12.0 -4.5 3.0
9.0 -3.75 4.708333333333332
15.0 -1.7333333333333334 1.3222222222222224
11.0 -2.0666666666666664 2.0999999999999996
12.0 -1.9 1.6
7.0 -4.0 6.25
11.0 -3.1666666666666665 2.9
13.0 -2.966666666666667 2.15
14.0 -1.5666666666666667 1.2111111111111112
12.0 -2.4 2.183333333333333
12.0 -2.2333333333333334 1.9611111111111108
11.0 -2.966666666666667 2.533333333333333
11.0 -2.2333333333333334 2.35
8.0 -3.666666666666667 6.166666666666666
17.0 -3.1666666666666665 2.0999999999999996
13.0 -1.7333333333333334 1.3777777777777778
10.0 -2.966666666666667 3.0999999999999996
11.0 -1.9 1.8777777777777778
12.0 -3.1666666666666665 2.333333333333333
13.0 -7.0 4.5
11.0 -6.5 6.5
10.0 -6.0 7.0
12.0 -6.666666666666667 4.999999999999999
14.0 -5.166666666666666 3.1666666666666665
13.0 -4.5 2.7222222222222223
9.0 -5.5 7.0
12.0 -6.5 4.5
14.0 -4.666666666666666 2.833333333333333
13.0 -5.0 3.055555555555556
14.0 -3.9999999999999996 2.5555555555555554
10.0 -5.5 5.5
6.0 -5.0 14.0
11.0 -5.666666666666667 4.833333333333333
10.0 -5.166666666666667 4.833333333333333
11.0 -5.0 3.75
10.0 -4.5 4.25
9.0 -6.0 8.5
8.0 -5.5 8.5
8.0 -5.0 7.25
