0.0 -0.0 15.0
1.0 -0.0 12.5
2.0 -1.0 11.5
1.0 -1.0 14.0
2.0 -2.0 13.0
3.0 -2.0 10.5
4.0 -3.0 9.5
5.0 -4.0 8.5
6.0 -4.0 6.333333333333332
7.0 -4.0 4.833333333333333
3.0 -3.0 12.0
2.0 -0.0 10.333333333333332
10.0 -7.0 5.5
1.0 -0.5 13.0
2.0 -0.5 10.75
3.0 -1.5 9.75
4.0 -2.5 8.75
23.0 -6.166666666666666 2.916666666666667
26.0 -5.666666666666667 2.25
5.0 -0.0 5.666666666666666
6.0 -1.0 4.666666666666666
16.0 -3.4 1.65
5.0 -1.0 6.0
15.0 -2.666666666666667 2.0
26.0 -5.666666666666666 2.083333333333333
3.0 -1.0 9.333333333333332
2.0 -1.5 12.0
6.0 -2.0 4.999999999999999
23.0 -7.0 3.0
8.0 -3.0 3.9999999999999996
3.0 -2.5 11.0
4.0 -3.5 10.0
4.0 -4.0 11.0
20.0 -7.5 4.5
22.0 -7.5 4.0
9.0 -6.0 5.75
5.0 -5.0 10.0
8.0 -6.0 7.0
26.0 -6.166666666666666 2.5833333333333335
3.0 -0.0 8.25
10.0 -6.0 3.75
14.0 -2.2857142857142856 1.5714285714285712
17.0 -2.25 1.375
22.0 -5.666666666666666 2.4166666666666665
5.0 -3.0 7.333333333333332
4.0 -2.0 8.333333333333332
6.0 -3.5 5.999999999999999
7.0 -4.5 4.999999999999999
31.0 -5.5 2.0
13.0 -7.0 4.0
16.0 -3.8 1.9499999999999997
22.0 -5.166666666666667 2.1666666666666665
5.0 -1.5 6.249999999999999
4.0 -1.0 7.25
7.0 -6.0 7.5
12.0 -4.5 2.5
5.0 -3.5 7.75
30.0 -6.666666666666667 2.833333333333333
7.0 -3.0 4.0
9.0 -4.0 3.0
8.0 -6.5 9.0
9.0 -7.0 8.0
30.0 -4.5 1.6666666666666665
4.0 -1.5 7.666666666666665
25.0 -3.9 1.3
26.0 -3.8 1.2
29.0 -3.3 1.1
7.0 -5.0 5.5
8.0 -5.0 4.0
11.0 -5.4 3.2000000000000006
34.0 -6.666666666666667 2.5833333333333335
34.0 -7.666666666666667 4.0
5.0 -2.5 7.0
25.0 -8.0 4.5
23.0 -5.5 2.25
16.0 -8.0 5.0
5.0 -4.5 9.0
8.0 -5.5 4.666666666666666
9.0 -4.166666666666666 3.333333333333333
8.0 -2.2 3.5
9.0 -2.2 2.933333333333333
12.0 -4.9 2.6
27.0 -6.666666666666666 2.8333333333333335
33.0 -6.166666666666667 2.583333333333333
4.0 -0.0 7.0
5.0 -2.0 6.25
17.0 -4.4 1.5
13.0 -5.0 2.9166666666666665
13.0 -5.333333333333333 3.1666666666666665
12.0 -3.333333333333333 2.333333333333333
15.0 -3.5 2.1111111111111107
34.0 -6.0 2.25
6.0 -6.0 9.0
10.0 -4.5 3.625
14.0 -5.5 3.125
15.0 -6.0 2.625
17.0 -4.5 2.0
20.0 -5.0 2.0
21.0 -4.666666666666666 1.9166666666666665
23.0 -5.166666666666667 1.9999999999999998
26.0 -4.833333333333333 1.9166666666666665
6.0 -5.5 8.0
7.0 -5.5 6.0
28.0 -4.583333333333334 1.8333333333333333
15.0 -7.0 3.5
11.0 -4.5 2.875
3.0 -0.5 8.666666666666666
20.0 -6.0 2.5
24.0 -5.666666666666666 2.1666666666666665
29.0 -1.5238095238095237 1.0357142857142856
30.0 -1.5238095238095237 0.988095238095238
11.0 -2.8333333333333335 2.4000000000000004
13.0 -3.0333333333333337 2.1999999999999997
31.0 -5.166666666666667 1.9444444444444442
34.0 -6.5 2.5
19.0 -4.5 1.8749999999999998
6.0 -3.0 5.25
10.0 -2.4 2.575
8.0 -2.4 3.675
13.0 -6.0 3.4999999999999996
12.0 -6.0 3.5
15.0 -1.5666666666666667 1.0444444444444443
16.0 -1.7333333333333334 1.1555555555555554
17.0 -2.0666666666666664 1.2944444444444443
14.0 -2.0666666666666664 1.4611111111111112
13.0 -2.4 1.7944444444444443
12.0 -2.0666666666666664 1.7111111111111108
10.0 -1.9 2.2666666666666666
15.0 -1.7333333333333334 1.3222222222222224
11.0 -2.0666666666666664 2.0999999999999996
12.0 -1.9 1.6
13.0 -2.966666666666667 2.15
14.0 -1.5666666666666667 1.2111111111111112
12.0 -2.4 2.183333333333333
12.0 -2.2333333333333334 1.9611111111111108
11.0 -2.966666666666667 2.533333333333333
11.0 -2.2333333333333334 2.35
13.0 -1.7333333333333334 1.3777777777777778
11.0 -1.9 1.8777777777777778
12.0 -6.666666666666667 4.999999999999999
12.0 -6.5 4.5
6.0 -4.5 6.75
6.0 -5.0 7.5
18.0 -6.5 3.0
33.0 -5.5 1.75
14.0 -5.4 2.4
22.0 -3.7857142857142856 1.1428571428571428
23.0 -3.8333333333333335 1.3333333333333333
14.0 -3.0 2.1666666666666665
14.0 -6.666666666666666 3.6666666666666665
13.0 -4.0 2.2916666666666665
22.0 -6.833333333333333 3.083333333333333
30.0 -6.666666666666666 2.5833333333333335
6.0 -0.2 4.366666666666667
7.0 -0.2 3.6999999999999997
8.0 -0.2 2.9499999999999997
9.0 -0.2 2.4777777777777774
10.0 -0.2 2.186111111111111
33.0 -5.75 2.25
16.0 -5.0 2.25
24.0 -6.166666666666667 2.666666666666667
22.0 -5.333333333333333 2.333333333333333
30.0 -4.9 1.8000000000000003
12.0 -6.166666666666667 3.833333333333333
14.0 -5.666666666666667 3.333333333333333
8.0 -2.666666666666667 3.833333333333333
10.0 -4.4 2.6000000000000005
13.0 -4.333333333333333 2.333333333333333
