0.0 -0.0 15.0
1.0 -0.0 12.5
2.0 -1.0 11.5
1.0 -1.0 14.0
2.0 -1.5 12.0
2.0 -2.0 13.0
3.0 -3.0 12.0
4.0 -2.0 8.333333333333332
5.0 -3.0 7.333333333333332
6.0 -4.0 6.333333333333332
8.0 -5.0 5.333333333333332
10.0 -5.666666666666666 4.666666666666666
6.0 -2.5 5.999999999999999
7.0 -3.1666666666666665 5.333333333333332
3.0 -2.0 10.5
4.0 -3.0 9.5
5.0 -4.0 8.5
1.0 -0.5 13.0
10.0 -5.0 4.25
3.0 -2.5 11.0
4.0 -3.5 10.0
6.0 -0.5 5.0
3.0 -1.5 9.75
5.0 -1.5 6.416666666666666
5.0 -4.5 9.0
10.0 -6.0 5.75
4.0 -2.5 8.75
5.0 -2.5 7.25
2.0 -0.5 10.75
5.0 -3.5 7.75
6.0 -4.5 6.75
9.0 -5.5 4.75
10.0 -5.5 4.5
4.0 -4.0 11.0
5.0 -5.0 10.0
6.0 -5.0 7.5
7.0 -5.0 5.5
13.0 -6.0 3.5
23.0 -5.666666666666667 2.8333333333333335
28.0 -6.0 2.5
2.0 -0.0 10.333333333333332
3.0 -1.0 9.333333333333332
5.0 -2.0 6.833333333333333
35.0 -4.166666666666666 1.5
3.0 -0.5 8.666666666666666
36.0 -4.333333333333334 1.6666666666666667
21.0 -2.2 1.561111111111111
8.0 -2.166666666666667 3.75
9.0 -3.1666666666666665 4.0
21.0 -3.833333333333333 2.1666666666666665
4.0 -1.5 7.999999999999999
17.0 -5.666666666666666 2.6666666666666665
18.0 -6.5 3.0
18.0 -8.0 5.0
22.0 -7.0 3.5
23.0 -6.666666666666666 3.0
31.0 -5.666666666666666 2.083333333333333
33.0 -5.5 1.75
24.0 -7.0 3.0
14.0 -5.4 2.4
34.0 -3.9 1.3333333333333333
22.0 -3.7857142857142856 1.1428571428571428
23.0 -3.8333333333333335 1.3333333333333333
3.0 -0.0 8.333333333333332
4.0 -0.0 7.000000000000001
5.0 -0.0 5.833333333333333
7.0 -1.5 4.125
14.0 -3.0 2.1666666666666665
18.0 -3.0 1.714285714285714
11.0 -5.0 3.5
11.0 -7.0 6.0
13.0 -7.0 4.0
14.0 -6.666666666666666 3.6666666666666665
8.0 -3.0 4.0
13.0 -4.0 2.2916666666666665
32.0 -8.0 4.5
22.0 -6.833333333333333 3.083333333333333
24.0 -5.75 2.5
12.0 -5.333333333333334 3.6666666666666665
9.0 -2.5 3.5
30.0 -6.666666666666666 2.5833333333333335
6.0 -0.2 4.366666666666667
7.0 -0.2 3.6999999999999997
8.0 -0.2 2.9499999999999997
9.0 -0.2 2.4777777777777774
10.0 -0.2 2.186111111111111
11.0 -1.2 2.3666666666666667
12.0 -1.5333333333333332 2.033333333333333
13.0 -1.2380952380952381 1.5952380952380951
14.0 -1.2380952380952381 1.4166666666666665
18.0 -1.5238095238095237 1.4523809523809523
33.0 -5.75 2.25
11.0 -5.5 4.166666666666666
7.0 -3.0 4.5
9.0 -4.5 4.333333333333333
10.0 -4.5 3.7500000000000004
24.0 -4.833333333333334 2.0
16.0 -5.0 2.25
24.0 -6.166666666666667 2.666666666666667
6.0 -2.0 5.499999999999999
22.0 -7.5 4.5
8.0 -5.5 5.5
4.0 -1.0 7.5
5.0 -1.0 6.0
8.0 -4.166666666666666 4.666666666666666
17.0 -3.1666666666666665 2.2
19.0 -3.1666666666666665 2.0
21.0 -5.666666666666666 2.5
22.0 -5.333333333333333 2.333333333333333
23.0 -5.5 2.25
29.0 -5.5 2.125
30.0 -4.9 1.8000000000000003
12.0 -6.166666666666667 3.833333333333333
14.0 -5.666666666666667 3.333333333333333
5.0 -2.166666666666667 7.166666666666666
6.0 -3.166666666666667 6.166666666666666
8.0 -2.666666666666667 3.833333333333333
19.0 -3.833333333333333 2.2222222222222223
21.0 -4.9 2.1999999999999997
26.0 -4.4 1.95
27.0 -4.4 1.9499999999999997
16.0 -5.833333333333333 2.9166666666666665
10.0 -4.4 2.6000000000000005
13.0 -4.333333333333333 2.333333333333333
11.0 -6.0 5.5
