0.0 -0.0 15.0
1.0 -1.0 14.0
2.0 -2.0 13.0
3.0 -3.0 12.0
12.0 -7.0 5.5
1.0 -0.5 13.0
1.0 -0.0 12.5
2.0 -1.0 11.5
3.0 -2.0 10.5
9.0 -3.0 3.5
13.0 -5.333333333333333 3.25
26.0 -7.0 3.25
4.0 -3.0 9.5
5.0 -4.0 8.5
3.0 -1.0 9.333333333333332
4.0 -2.0 8.333333333333332
10.0 -2.6666666666666665 3.0
11.0 -3.0 2.6666666666666665
12.0 -3.333333333333333 2.333333333333333
15.0 -3.5 2.1111111111111107
5.0 -3.0 7.333333333333332
16.0 -4.0 2.5
12.0 -3.9166666666666665 2.583333333333333
34.0 -6.0 2.25
4.0 -4.0 11.0
5.0 -5.0 10.0
6.0 -6.0 9.0
10.0 -6.0 5.0
10.0 -4.666666666666667 4.666666666666666
2.0 -0.0 10.333333333333332
6.0 -4.0 6.333333333333333
10.0 -4.5 3.625
14.0 -5.5 3.125
15.0 -6.0 2.625
2.0 -1.5 12.0
13.0 -5.5 3.5
9.0 -5.666666666666666 5.999999999999999
17.0 -4.5 2.0
20.0 -5.0 2.0
21.0 -4.666666666666666 1.9166666666666665
23.0 -5.166666666666667 1.9999999999999998
26.0 -4.833333333333333 1.9166666666666665
5.0 -1.0 6.0
6.0 -2.0 4.999999999999999
4.0 -3.5 10.0
5.0 -4.5 9.0
6.0 -5.5 8.0
7.0 -5.5 6.0
28.0 -4.583333333333334 1.8333333333333333
33.0 -4.541666666666666 1.7916666666666665
36.0 -4.5 1.6666666666666665
5.0 -3.5 8.0
2.0 -0.5 10.75
4.0 -1.5 8.25
3.0 -2.5 11.0
4.0 -2.5 8.75
9.0 -3.6666666666666665 4.0
10.0 -3.1666666666666665 3.4999999999999996
29.0 -8.0 4.5
8.0 -3.5 4.0
11.0 -6.0 4.25
3.0 -1.5 9.75
15.0 -7.0 3.5
11.0 -4.5 2.875
14.0 -4.75 2.625
7.0 -4.0 5.333333333333332
19.0 -4.0 1.8333333333333333
5.0 -2.5 7.25
32.0 -7.0 3.0
5.0 -0.0 5.800000000000001
6.0 -1.0 4.8
7.0 -0.5 4.3
29.0 -7.5 4.0
7.0 -4.666666666666666 5.666666666666665
11.0 -5.166666666666666 3.666666666666667
12.0 -5.0 3.25
29.0 -6.166666666666666 3.1666666666666665
7.0 -2.5 4.666666666666666
3.0 -0.5 8.666666666666666
10.0 -3.5 3.583333333333333
20.0 -6.0 2.5
24.0 -5.666666666666666 2.1666666666666665
25.0 -1.2380952380952381 1.3238095238095235
26.0 -1.2380952380952381 1.1666666666666665
29.0 -1.5238095238095237 1.0357142857142856
30.0 -1.5238095238095237 0.988095238095238
20.0 -4.4 1.7999999999999998
23.0 -4.333333333333333 1.5
25.0 -6.5 3.25
8.0 -5.0 4.999999999999999
11.0 -2.8333333333333335 2.4000000000000004
13.0 -3.0333333333333337 2.1999999999999997
7.0 -2.6666666666666665 4.999999999999999
33.0 -6.666666666666667 2.8333333333333335
25.0 -8.0 5.0
14.0 -6.166666666666667 5.166666666666667
31.0 -5.166666666666667 1.9444444444444442
27.0 -3.7857142857142856 1.1428571428571428
28.0 -3.8333333333333335 1.3333333333333333
33.0 -4.333333333333334 1.6666666666666667
13.0 -4.75 2.875
20.0 -3.9 1.7499999999999998
9.0 -5.0 4.833333333333332
8.0 -6.0 7.0
8.0 -4.5 4.583333333333334
9.0 -4.5 4.583333333333333
34.0 -6.5 2.5
4.0 -0.0 7.0
20.0 -6.333333333333334 3.3333333333333335
19.0 -4.5 1.8749999999999998
3.0 -0.0 8.25
4.0 -1.0 7.25
5.0 -2.0 6.25
6.0 -3.0 5.25
7.0 -3.0 5.0
7.0 -1.0 4.5
18.0 -5.4 2.4000000000000004
9.0 -2.5 3.1666666666666665
9.0 -4.166666666666667 4.333333333333333
30.0 -6.5 3.0
15.0 -1.6666666666666665 2.0
16.0 -2.833333333333333 1.6666666666666667
