0.0 -0.0 15.0
1.0 -1.0 14.0
7.0 -6.0 7.5
1.0 -0.0 12.5
2.0 -2.0 13.0
3.0 -3.0 12.0
10.0 -6.0 5.0
11.0 -6.0 4.5
2.0 -1.0 11.5
3.0 -2.0 10.5
3.0 -1.0 9.333333333333332
2.0 -0.5 10.75
3.0 -1.5 9.75
18.0 -5.0 2.333333333333333
21.0 -5.5 2.5
12.0 -4.5 2.5
4.0 -4.0 11.0
5.0 -4.0 8.5
3.0 -0.5 9.0
1.0 -0.5 13.0
2.0 -1.5 12.0
3.0 -2.5 11.0
13.0 -1.5666666666666667 2.222222222222222
4.0 -2.5 8.75
5.0 -3.5 7.75
29.0 -7.0 3.0
30.0 -6.666666666666667 2.833333333333333
26.0 -6.75 3.75
34.0 -6.0 2.5
6.0 -3.5 6.25
27.0 -6.0 2.625
30.0 -5.666666666666666 2.083333333333333
4.0 -2.0 8.333333333333332
5.0 -3.0 7.333333333333332
6.0 -3.0 5.333333333333332
7.0 -3.0 4.0
12.0 -6.333333333333333 4.666666666666667
4.0 -3.0 9.5
11.0 -2.2333333333333334 2.6666666666666665
20.0 -5.166666666666667 2.916666666666667
4.0 -3.5 10.0
7.0 -4.5 5.333333333333332
9.0 -4.0 3.0
8.0 -6.5 9.0
9.0 -7.0 8.0
11.0 -6.5 6.5
15.0 -5.25 3.0
12.0 -6.5 5.25
16.0 -2.4 1.9400000000000002
23.0 -6.5 3.25
10.0 -5.0 3.75
30.0 -4.5 1.6666666666666665
28.0 -4.666666666666666 2.0416666666666665
4.0 -1.5 7.666666666666665
28.0 -5.666666666666666 2.1666666666666665
25.0 -3.9 1.3
26.0 -3.8 1.2
29.0 -3.3 1.1
5.0 -0.0 6.0
17.0 -6.666666666666666 3.666666666666667
18.0 -6.666666666666666 3.6666666666666665
6.0 -4.0 6.5
7.0 -5.0 5.5
8.0 -5.0 4.0
11.0 -5.4 3.2000000000000006
12.0 -5.5 3.5
34.0 -6.666666666666667 2.5833333333333335
2.0 -0.0 10.333333333333332
34.0 -7.666666666666667 4.0
5.0 -2.5 7.0
25.0 -8.0 4.5
23.0 -5.5 2.25
24.0 -6.0 2.75
15.0 -7.0 6.0
16.0 -8.0 5.0
20.0 -7.0 4.0
7.0 -3.5 5.083333333333333
22.0 -6.5 3.4166666666666665
5.0 -4.5 9.0
6.0 -4.5 7.5
31.0 -7.5 4.0
7.0 -5.5 6.5
8.0 -5.5 4.666666666666666
11.0 -5.5 4.416666666666666
9.0 -4.166666666666666 3.333333333333333
16.0 -4.5 2.333333333333333
6.0 -1.2 5.2
8.0 -2.2 3.5
9.0 -2.2 2.933333333333333
10.0 -2.2 2.8333333333333335
12.0 -4.9 2.6
16.0 -6.0 3.583333333333333
27.0 -6.666666666666666 2.8333333333333335
6.0 -1.0 4.75
13.0 -2.9 2.2500000000000004
15.0 -2.9 2.25
33.0 -6.166666666666667 2.583333333333333
34.0 -5.0 1.75
35.0 -5.5 2.0
24.0 -6.5 3.0
22.0 -5.666666666666667 2.6666666666666665
31.0 -5.25 2.0
19.0 -6.166666666666667 3.1666666666666665
20.0 -6.5 3.5
27.0 -7.0 3.75
14.0 -5.666666666666666 3.5
16.0 -1.0 1.9333333333333331
18.0 -5.7 3.0
17.0 -5.5 3.0
19.0 -6.666666666666667 3.6666666666666665
4.0 -0.0 7.0
21.0 -6.25 3.0
26.0 -5.666666666666666 2.4999999999999996
14.0 -6.0 4.25
3.0 -0.0 8.25
4.0 -1.0 7.25
5.0 -2.0 6.25
17.0 -4.4 1.5
18.0 -4.5 2.25
26.0 -5.5 2.1666666666666665
14.0 -7.0 7.5
5.0 -5.0 10.0
6.0 -5.0 8.0
24.0 -6.666666666666667 3.1666666666666665
15.0 -6.0 3.75
13.0 -5.0 2.9166666666666665
13.0 -5.333333333333333 3.1666666666666665
