11.027239001672177 12.0
10.69579356569675 13.0
10.182337649086284 14.0
10.059821071967434 15.0
11.644741302407711 10.0
9.320944158184833 17.0
9.0598013223249 18.0
7.161005515987263 26.0
5.912698199637793 38.0
9.707728879609279 16.0
8.772684879784524 19.0
8.390470785361215 20.0
8.109253973085318 21.0
7.899367063252601 22.0
7.652450587883597 23.0
7.4619032424710525 24.0
6.985699678629192 27.0
6.823488843692792 28.0
7.288346863315439 25.0
6.681317235396026 29.0
6.43117407632541 31.0
6.56048778674269 30.0
6.305553108173778 32.0
6.20966987850401 33.0
6.11228271597445 34.0
6.053098380168622 35.0
5.993329625508679 36.0
5.9531504264548865 37.0
