9.320944158184833 17.0
9.0598013223249 18.0
7.161005515987263 26.0
9.707728879609279 16.0
8.772684879784524 19.0
8.390470785361215 20.0
8.109253973085318 21.0
7.899367063252601 22.0
7.652450587883597 23.0
7.4619032424710525 24.0
6.985699678629192 27.0
6.823488843692792 28.0
7.288346863315439 25.0
6.681317235396026 29.0
6.43117407632541 31.0
6.56048778674269 30.0
6.305553108173778 32.0
6.20966987850401 33.0
6.11228271597445 34.0
15.31012736720371 0.0
14.85934049680537 1.0
14.408330923462302 2.0
5.973273809227232 35.0
13.579396157414363 4.0
13.957077057894322 3.0
13.206059215375342 5.0
12.806248474865697 6.0
12.547509713086496 7.0
12.126005112979293 8.0
5.7896459304520524 36.0
5.692099788303083 37.0
5.477225575051661 38.0
5.344155686354956 39.0
5.230678732248808 40.0
4.664761515876241 43.0
4.48998886412873 44.0
4.436214602563767 45.0
4.345112196480087 46.0
4.308131845707604 47.0
11.859173664298874 9.0
11.516944039110374 10.0
10.762899237658969 12.0
10.403845442911962 13.0
10.091580649234292 14.0
10.051865498503249 15.0
11.146299834474219 11.0
4.971921157862421 41.0
4.890807704254994 42.0
3.9191835884530852 48.0
3.6660605559646724 49.0
