15.31012736720371 0.0
14.85934049680537 1.0
6.30555310817378 33.0
6.1708994482166055 34.0
5.973273809227232 35.0
7.4565407529229 26.0
14.408330923462302 2.0
13.579396157414363 4.0
13.957077057894322 3.0
13.206059215375342 5.0
12.806248474865697 6.0
7.631513611335566 25.0
9.50789145920377 17.0
8.8 20.0
8.333066662399863 22.0
7.868926229162401 24.0
7.110555533852471 27.0
6.997142273814361 28.0
6.939740629158989 29.0
6.6573267908372955 30.0
6.523802572120037 31.0
6.499230723708768 32.0
8.565045242145544 21.0
12.547509713086496 7.0
12.126005112979293 8.0
5.7896459304520524 36.0
5.692099788303083 37.0
5.477225575051661 38.0
5.344155686354956 39.0
5.230678732248808 40.0
4.664761515876241 43.0
4.48998886412873 44.0
4.436214602563767 45.0
4.345112196480087 46.0
4.308131845707604 47.0
11.859173664298874 9.0
11.516944039110374 10.0
10.762899237658969 12.0
10.403845442911962 13.0
10.091580649234292 14.0
10.051865498503249 15.0
9.826494797230598 16.0
9.156418513807676 18.0
8.988882021697693 19.0
11.146299834474219 11.0
8.029943959953892 23.0
4.971921157862421 41.0
4.890807704254994 42.0
3.9191835884530852 48.0
3.6660605559646724 49.0
