15.31012736720371 0.0
14.85934049680537 1.0
14.408330923462302 2.0
11.801694793545543 15.0
11.048981853546508 19.0
10.73685242517564 25.0
10.688311372709911 28.0
10.598113039593418 29.0
10.541347162483552 30.0
10.426888318189663 31.0
10.225458424931373 32.0
10.22154587134451 40.0
10.039920318408907 48.0
11.939849245279438 13.0
11.929794633605391 14.0
14.042791745233567 3.0
13.667479650615908 4.0
13.311649033834987 5.0
12.840560735419617 7.0
12.626955294131676 8.0
12.155657119218196 10.0
12.14248738932843 11.0
13.117926665445266 6.0
12.361229712289955 9.0
11.61378491276638 16.0
11.192854863706579 17.0
10.998181667894015 20.0
